# n_glb= 10000 vel_ave= 0.05 dens= 10000 sigma= 0.002 t_coll= 1 t_end= 12 t_recover= 0.5 dt= 0.002
|time_sys = 0 |n_infected = 10
0.002 10 0 9990
0.004 10 0 9990
0.006 10 0 9990
0.008 10 0 9990
0.01 10 0 9990
0.012 10 0 9990
0.014 10 0 9990
0.016 10 0 9990
0.018 10 0 9990
0.02 10 0 9990
0.022 10 0 9990
0.024 10 0 9990
0.026 10 0 9990
0.028 10 0 9990
0.03 10 0 9990
0.032 10 0 9990
0.034 10 0 9990
0.036 10 0 9990
0.038 10 0 9990
0.04 10 0 9990
0.042 10 0 9990
0.044 10 0 9990
0.046 10 0 9990
0.048 10 0 9990
0.05 10 0 9990
0.052 10 0 9990
0.054 10 0 9990
0.056 10 0 9990
0.058 10 0 9990
0.06 10 0 9990
0.062 10 0 9990
0.064 10 0 9990
0.066 11 0 9989
0.068 11 0 9989
0.07 11 0 9989
0.0720000000000001 11 0 9989
0.0740000000000001 11 0 9989
0.0760000000000001 11 0 9989
0.0780000000000001 11 0 9989
0.0800000000000001 11 0 9989
0.0820000000000001 11 0 9989
0.0840000000000001 11 0 9989
0.0860000000000001 11 0 9989
0.0880000000000001 11 0 9989
0.0900000000000001 11 0 9989
0.0920000000000001 11 0 9989
0.0940000000000001 11 0 9989
0.0960000000000001 11 0 9989
0.0980000000000001 11 0 9989
0.1 11 0 9989
0.102 11 0 9989
0.104 11 0 9989
0.106 11 0 9989
0.108 11 0 9989
0.11 11 0 9989
0.112 11 0 9989
0.114 11 0 9989
0.116 11 0 9989
0.118 11 0 9989
0.12 11 0 9989
0.122 11 0 9989
0.124 11 0 9989
0.126 11 0 9989
0.128 12 0 9988
0.13 12 0 9988
0.132 12 0 9988
0.134 12 0 9988
0.136 12 0 9988
0.138 12 0 9988
0.14 12 0 9988
0.142 12 0 9988
0.144 12 0 9988
0.146 12 0 9988
0.148 12 0 9988
0.15 12 0 9988
0.152 12 0 9988
0.154 12 0 9988
0.156 12 0 9988
0.158 12 0 9988
0.16 12 0 9988
0.162 12 0 9988
0.164 12 0 9988
0.166 12 0 9988
0.168 12 0 9988
0.17 12 0 9988
0.172 12 0 9988
0.174 12 0 9988
0.176 12 0 9988
0.178 12 0 9988
0.18 12 0 9988
0.182 12 0 9988
0.184 12 0 9988
0.186 12 0 9988
0.188 12 0 9988
0.19 12 0 9988
0.192 12 0 9988
0.194 12 0 9988
0.196 12 0 9988
0.198 12 0 9988
0.2 12 0 9988
0.202 12 0 9988
0.204 12 0 9988
0.206 12 0 9988
0.208 12 0 9988
0.21 12 0 9988
0.212 12 0 9988
0.214 12 0 9988
0.216 12 0 9988
0.218 12 0 9988
0.22 12 0 9988
0.222 12 0 9988
0.224 12 0 9988
0.226 12 0 9988
0.228 12 0 9988
0.23 12 0 9988
0.232 12 0 9988
0.234 12 0 9988
0.236 12 0 9988
0.238 12 0 9988
0.24 12 0 9988
0.242 12 0 9988
0.244 12 0 9988
0.246 12 0 9988
0.248 12 0 9988
0.25 12 0 9988
0.252 12 0 9988
0.254 12 0 9988
0.256 12 0 9988
0.258 12 0 9988
0.26 12 0 9988
0.262 12 0 9988
0.264 12 0 9988
0.266 12 0 9988
0.268 12 0 9988
0.27 12 0 9988
0.272 12 0 9988
0.274 12 0 9988
0.276 12 0 9988
0.278 12 0 9988
0.28 12 0 9988
0.282 12 0 9988
0.284 12 0 9988
0.286 12 0 9988
0.288 12 0 9988
0.29 12 0 9988
0.292 12 0 9988
0.294 12 0 9988
0.296 12 0 9988
0.298 12 0 9988
0.3 12 0 9988
0.302 13 0 9987
0.304 13 0 9987
0.306 13 0 9987
0.308 13 0 9987
0.31 13 0 9987
0.312 13 0 9987
0.314 13 0 9987
0.316 13 0 9987
0.318 13 0 9987
0.32 13 0 9987
0.322 13 0 9987
0.324 13 0 9987
0.326 13 0 9987
0.328 13 0 9987
0.33 13 0 9987
0.332 13 0 9987
0.334 13 0 9987
0.336 13 0 9987
0.338 13 0 9987
0.34 13 0 9987
0.342 13 0 9987
0.344 13 0 9987
0.346 13 0 9987
0.348 13 0 9987
0.35 13 0 9987
0.352 13 0 9987
0.354 13 0 9987
0.356 13 0 9987
0.358 13 0 9987
0.36 13 0 9987
0.362 13 0 9987
0.364 13 0 9987
0.366 13 0 9987
0.368 13 0 9987
0.37 13 0 9987
0.372 13 0 9987
0.374 13 0 9987
0.376 13 0 9987
0.378 13 0 9987
0.38 13 0 9987
0.382 13 0 9987
0.384 13 0 9987
0.386 13 0 9987
0.388 13 0 9987
0.39 13 0 9987
0.392 13 0 9987
0.394 13 0 9987
0.396 13 0 9987
0.398 13 0 9987
0.4 13 0 9987
0.402 13 0 9987
0.404 13 0 9987
0.406 13 0 9987
0.408 13 0 9987
0.41 13 0 9987
0.412 13 0 9987
0.414 13 0 9987
0.416 13 0 9987
0.418 13 0 9987
0.42 13 0 9987
0.422 13 0 9987
0.424 13 0 9987
0.426 13 0 9987
0.428 13 0 9987
0.43 13 0 9987
0.432 13 0 9987
0.434 13 0 9987
0.436 13 0 9987
0.438 13 0 9987
0.44 13 0 9987
0.442 13 0 9987
0.444 13 0 9987
0.446 13 0 9987
0.448 13 0 9987
0.45 13 0 9987
0.452 13 0 9987
0.454 13 0 9987
0.456 13 0 9987
0.458 13 0 9987
0.46 13 0 9987
0.462 13 0 9987
0.464 13 0 9987
0.466 13 0 9987
0.468 13 0 9987
0.47 13 0 9987
0.472 13 0 9987
0.474 13 0 9987
0.476 13 0 9987
0.478 13 0 9987
0.48 13 0 9987
0.482 13 0 9987
0.484 13 0 9987
0.486 13 0 9987
0.488 13 0 9987
0.49 13 0 9987
0.492 13 0 9987
0.494 13 0 9987
0.496 13 0 9987
0.498 13 0 9987
0.5 13 0 9987
0.502 3 10 9987
0.504 3 10 9987
0.506 3 10 9987
0.508 3 10 9987
0.51 3 10 9987
0.512 3 10 9987
0.514 3 10 9987
0.516 3 10 9987
0.518 3 10 9987
0.52 3 10 9987
0.522 3 10 9987
0.524 3 10 9987
0.526 3 10 9987
0.528 3 10 9987
0.53 3 10 9987
0.532 3 10 9987
0.534 3 10 9987
0.536 3 10 9987
0.538 3 10 9987
0.54 3 10 9987
0.542 3 10 9987
0.544 3 10 9987
0.546 3 10 9987
0.548 3 10 9987
0.55 3 10 9987
0.552 3 10 9987
0.554 3 10 9987
0.556 3 10 9987
0.558 3 10 9987
0.56 3 10 9987
0.562 3 10 9987
0.564 3 10 9987
0.566 2 11 9987
0.568 2 11 9987
0.57 2 11 9987
0.572 2 11 9987
0.574 2 11 9987
0.576 2 11 9987
0.578 2 11 9987
0.58 2 11 9987
0.582 2 11 9987
0.584 2 11 9987
0.586 2 11 9987
0.588 2 11 9987
0.59 2 11 9987
0.592 2 11 9987
0.594 2 11 9987
0.596 2 11 9987
0.598 2 11 9987
0.6 2 11 9987
0.602 2 11 9987
0.604 2 11 9987
0.606 2 11 9987
0.608 2 11 9987
0.61 2 11 9987
0.612 2 11 9987
0.614 2 11 9987
0.616 2 11 9987
0.618 2 11 9987
0.62 2 11 9987
0.622 2 11 9987
0.624 2 11 9987
0.626 2 11 9987
0.628 1 12 9987
0.63 1 12 9987
0.632 1 12 9987
0.634 1 12 9987
0.636 1 12 9987
0.638 1 12 9987
0.64 1 12 9987
0.642 1 12 9987
0.644 1 12 9987
0.646 1 12 9987
0.648 1 12 9987
0.65 1 12 9987
0.652 1 12 9987
0.654 1 12 9987
0.656 1 12 9987
0.658 1 12 9987
0.66 1 12 9987
0.662 1 12 9987
0.664 1 12 9987
0.666 1 12 9987
0.668 1 12 9987
0.67 1 12 9987
0.672 1 12 9987
0.674 1 12 9987
0.676 1 12 9987
0.678 1 12 9987
0.68 1 12 9987
0.682 1 12 9987
0.684 1 12 9987
0.686 1 12 9987
0.688000000000001 1 12 9987
0.690000000000001 1 12 9987
0.692000000000001 1 12 9987
0.694000000000001 1 12 9987
0.696000000000001 1 12 9987
0.698000000000001 1 12 9987
0.700000000000001 1 12 9987
0.702000000000001 1 12 9987
0.704000000000001 1 12 9987
0.706000000000001 1 12 9987
0.708000000000001 1 12 9987
0.710000000000001 1 12 9987
0.712000000000001 1 12 9987
0.714000000000001 1 12 9987
0.716000000000001 1 12 9987
0.718000000000001 1 12 9987
0.720000000000001 1 12 9987
0.722000000000001 1 12 9987
0.724000000000001 1 12 9987
0.726000000000001 1 12 9987
0.728000000000001 1 12 9987
0.730000000000001 1 12 9987
0.732000000000001 1 12 9987
0.734000000000001 1 12 9987
0.736000000000001 1 12 9987
0.738000000000001 1 12 9987
0.740000000000001 1 12 9987
0.742000000000001 1 12 9987
0.744000000000001 1 12 9987
0.746000000000001 1 12 9987
0.748000000000001 1 12 9987
0.750000000000001 1 12 9987
0.752000000000001 1 12 9987
0.754000000000001 1 12 9987
0.756000000000001 1 12 9987
0.758000000000001 1 12 9987
0.760000000000001 1 12 9987
0.762000000000001 1 12 9987
0.764000000000001 1 12 9987
0.766000000000001 1 12 9987
0.768000000000001 1 12 9987
0.770000000000001 1 12 9987
0.772000000000001 1 12 9987
0.774000000000001 1 12 9987
0.776000000000001 1 12 9987
0.778000000000001 1 12 9987
0.780000000000001 1 12 9987
0.782000000000001 1 12 9987
0.784000000000001 1 12 9987
0.786000000000001 1 12 9987
0.788000000000001 1 12 9987
0.790000000000001 1 12 9987
0.792000000000001 1 12 9987
0.794000000000001 1 12 9987
0.796000000000001 1 12 9987
0.798000000000001 1 12 9987
0.800000000000001 1 12 9987
0.802000000000001 0 13 9987
MemoryPool::finalize() is completed!
