# n_glb= 10000 vel_ave= 0.05 dens= 10000 sigma= 0.002 t_coll= 1 t_end= 12 t_recover= 1 dt= 0.002
|time_sys = 0 |n_infected = 10
0.002 10 0 9990
0.004 10 0 9990
0.006 10 0 9990
0.008 10 0 9990
0.01 10 0 9990
0.012 10 0 9990
0.014 10 0 9990
0.016 10 0 9990
0.018 10 0 9990
0.02 10 0 9990
0.022 10 0 9990
0.024 10 0 9990
0.026 10 0 9990
0.028 10 0 9990
0.03 10 0 9990
0.032 10 0 9990
0.034 10 0 9990
0.036 10 0 9990
0.038 10 0 9990
0.04 10 0 9990
0.042 10 0 9990
0.044 10 0 9990
0.046 10 0 9990
0.048 10 0 9990
0.05 10 0 9990
0.052 10 0 9990
0.054 10 0 9990
0.056 10 0 9990
0.058 10 0 9990
0.06 10 0 9990
0.062 10 0 9990
0.064 10 0 9990
0.066 11 0 9989
0.068 11 0 9989
0.07 11 0 9989
0.0720000000000001 11 0 9989
0.0740000000000001 11 0 9989
0.0760000000000001 11 0 9989
0.0780000000000001 11 0 9989
0.0800000000000001 11 0 9989
0.0820000000000001 11 0 9989
0.0840000000000001 11 0 9989
0.0860000000000001 11 0 9989
0.0880000000000001 11 0 9989
0.0900000000000001 11 0 9989
0.0920000000000001 11 0 9989
0.0940000000000001 11 0 9989
0.0960000000000001 11 0 9989
0.0980000000000001 11 0 9989
0.1 11 0 9989
0.102 11 0 9989
0.104 11 0 9989
0.106 11 0 9989
0.108 11 0 9989
0.11 11 0 9989
0.112 11 0 9989
0.114 11 0 9989
0.116 11 0 9989
0.118 11 0 9989
0.12 11 0 9989
0.122 11 0 9989
0.124 11 0 9989
0.126 11 0 9989
0.128 12 0 9988
0.13 12 0 9988
0.132 12 0 9988
0.134 12 0 9988
0.136 12 0 9988
0.138 12 0 9988
0.14 12 0 9988
0.142 12 0 9988
0.144 12 0 9988
0.146 12 0 9988
0.148 12 0 9988
0.15 12 0 9988
0.152 12 0 9988
0.154 12 0 9988
0.156 12 0 9988
0.158 12 0 9988
0.16 12 0 9988
0.162 12 0 9988
0.164 12 0 9988
0.166 12 0 9988
0.168 12 0 9988
0.17 12 0 9988
0.172 12 0 9988
0.174 12 0 9988
0.176 12 0 9988
0.178 12 0 9988
0.18 12 0 9988
0.182 12 0 9988
0.184 12 0 9988
0.186 12 0 9988
0.188 12 0 9988
0.19 12 0 9988
0.192 12 0 9988
0.194 12 0 9988
0.196 12 0 9988
0.198 12 0 9988
0.2 12 0 9988
0.202 12 0 9988
0.204 12 0 9988
0.206 12 0 9988
0.208 12 0 9988
0.21 12 0 9988
0.212 12 0 9988
0.214 12 0 9988
0.216 12 0 9988
0.218 12 0 9988
0.22 12 0 9988
0.222 12 0 9988
0.224 12 0 9988
0.226 12 0 9988
0.228 12 0 9988
0.23 12 0 9988
0.232 12 0 9988
0.234 12 0 9988
0.236 12 0 9988
0.238 12 0 9988
0.24 12 0 9988
0.242 12 0 9988
0.244 12 0 9988
0.246 12 0 9988
0.248 12 0 9988
0.25 12 0 9988
0.252 12 0 9988
0.254 12 0 9988
0.256 12 0 9988
0.258 12 0 9988
0.26 12 0 9988
0.262 12 0 9988
0.264 12 0 9988
0.266 12 0 9988
0.268 12 0 9988
0.27 12 0 9988
0.272 12 0 9988
0.274 12 0 9988
0.276 12 0 9988
0.278 12 0 9988
0.28 12 0 9988
0.282 12 0 9988
0.284 12 0 9988
0.286 12 0 9988
0.288 12 0 9988
0.29 12 0 9988
0.292 12 0 9988
0.294 12 0 9988
0.296 12 0 9988
0.298 12 0 9988
0.3 12 0 9988
0.302 13 0 9987
0.304 13 0 9987
0.306 13 0 9987
0.308 13 0 9987
0.31 13 0 9987
0.312 13 0 9987
0.314 13 0 9987
0.316 13 0 9987
0.318 13 0 9987
0.32 13 0 9987
0.322 13 0 9987
0.324 13 0 9987
0.326 13 0 9987
0.328 13 0 9987
0.33 13 0 9987
0.332 13 0 9987
0.334 13 0 9987
0.336 13 0 9987
0.338 13 0 9987
0.34 13 0 9987
0.342 13 0 9987
0.344 13 0 9987
0.346 13 0 9987
0.348 13 0 9987
0.35 13 0 9987
0.352 13 0 9987
0.354 13 0 9987
0.356 13 0 9987
0.358 13 0 9987
0.36 13 0 9987
0.362 13 0 9987
0.364 13 0 9987
0.366 13 0 9987
0.368 13 0 9987
0.37 13 0 9987
0.372 13 0 9987
0.374 13 0 9987
0.376 13 0 9987
0.378 13 0 9987
0.38 13 0 9987
0.382 13 0 9987
0.384 13 0 9987
0.386 13 0 9987
0.388 13 0 9987
0.39 13 0 9987
0.392 13 0 9987
0.394 13 0 9987
0.396 13 0 9987
0.398 13 0 9987
0.4 13 0 9987
0.402 13 0 9987
0.404 13 0 9987
0.406 13 0 9987
0.408 13 0 9987
0.41 13 0 9987
0.412 13 0 9987
0.414 13 0 9987
0.416 13 0 9987
0.418 13 0 9987
0.42 13 0 9987
0.422 13 0 9987
0.424 13 0 9987
0.426 13 0 9987
0.428 13 0 9987
0.43 13 0 9987
0.432 13 0 9987
0.434 13 0 9987
0.436 13 0 9987
0.438 13 0 9987
0.44 13 0 9987
0.442 13 0 9987
0.444 13 0 9987
0.446 13 0 9987
0.448 13 0 9987
0.45 13 0 9987
0.452 13 0 9987
0.454 13 0 9987
0.456 13 0 9987
0.458 13 0 9987
0.46 13 0 9987
0.462 13 0 9987
0.464 13 0 9987
0.466 13 0 9987
0.468 13 0 9987
0.47 13 0 9987
0.472 13 0 9987
0.474 13 0 9987
0.476 13 0 9987
0.478 13 0 9987
0.48 13 0 9987
0.482 13 0 9987
0.484 13 0 9987
0.486 13 0 9987
0.488 13 0 9987
0.49 13 0 9987
0.492 13 0 9987
0.494 13 0 9987
0.496 13 0 9987
0.498 13 0 9987
0.5 13 0 9987
0.502 13 0 9987
0.504 13 0 9987
0.506 13 0 9987
0.508 13 0 9987
0.51 13 0 9987
0.512 13 0 9987
0.514 13 0 9987
0.516 13 0 9987
0.518 13 0 9987
0.52 13 0 9987
0.522 13 0 9987
0.524 13 0 9987
0.526 13 0 9987
0.528 13 0 9987
0.53 13 0 9987
0.532 13 0 9987
0.534 13 0 9987
0.536 13 0 9987
0.538 13 0 9987
0.54 13 0 9987
0.542 13 0 9987
0.544 13 0 9987
0.546 13 0 9987
0.548 13 0 9987
0.55 13 0 9987
0.552 13 0 9987
0.554 13 0 9987
0.556 13 0 9987
0.558 13 0 9987
0.56 13 0 9987
0.562 13 0 9987
0.564 13 0 9987
0.566 13 0 9987
0.568 13 0 9987
0.57 13 0 9987
0.572 13 0 9987
0.574 13 0 9987
0.576 13 0 9987
0.578 13 0 9987
0.58 13 0 9987
0.582 13 0 9987
0.584 13 0 9987
0.586 13 0 9987
0.588 13 0 9987
0.59 13 0 9987
0.592 13 0 9987
0.594 13 0 9987
0.596 13 0 9987
0.598 13 0 9987
0.6 13 0 9987
0.602 13 0 9987
0.604 13 0 9987
0.606 13 0 9987
0.608 13 0 9987
0.61 13 0 9987
0.612 13 0 9987
0.614 13 0 9987
0.616 13 0 9987
0.618 13 0 9987
0.62 13 0 9987
0.622 13 0 9987
0.624 13 0 9987
0.626 13 0 9987
0.628 13 0 9987
0.63 13 0 9987
0.632 13 0 9987
0.634 13 0 9987
0.636 13 0 9987
0.638 13 0 9987
0.64 13 0 9987
0.642 13 0 9987
0.644 13 0 9987
0.646 13 0 9987
0.648 13 0 9987
0.65 13 0 9987
0.652 14 0 9986
0.654 14 0 9986
0.656 14 0 9986
0.658 14 0 9986
0.66 14 0 9986
0.662 14 0 9986
0.664 14 0 9986
0.666 14 0 9986
0.668 14 0 9986
0.67 14 0 9986
0.672 14 0 9986
0.674 14 0 9986
0.676 14 0 9986
0.678 14 0 9986
0.68 14 0 9986
0.682 14 0 9986
0.684 14 0 9986
0.686 14 0 9986
0.688000000000001 14 0 9986
0.690000000000001 14 0 9986
0.692000000000001 14 0 9986
0.694000000000001 14 0 9986
0.696000000000001 14 0 9986
0.698000000000001 14 0 9986
0.700000000000001 14 0 9986
0.702000000000001 14 0 9986
0.704000000000001 14 0 9986
0.706000000000001 14 0 9986
0.708000000000001 14 0 9986
0.710000000000001 14 0 9986
0.712000000000001 14 0 9986
0.714000000000001 14 0 9986
0.716000000000001 14 0 9986
0.718000000000001 14 0 9986
0.720000000000001 14 0 9986
0.722000000000001 14 0 9986
0.724000000000001 14 0 9986
0.726000000000001 14 0 9986
0.728000000000001 14 0 9986
0.730000000000001 14 0 9986
0.732000000000001 14 0 9986
0.734000000000001 15 0 9985
0.736000000000001 15 0 9985
0.738000000000001 15 0 9985
0.740000000000001 15 0 9985
0.742000000000001 15 0 9985
0.744000000000001 15 0 9985
0.746000000000001 15 0 9985
0.748000000000001 15 0 9985
0.750000000000001 15 0 9985
0.752000000000001 15 0 9985
0.754000000000001 15 0 9985
0.756000000000001 16 0 9984
0.758000000000001 16 0 9984
0.760000000000001 16 0 9984
0.762000000000001 16 0 9984
0.764000000000001 16 0 9984
0.766000000000001 16 0 9984
0.768000000000001 16 0 9984
0.770000000000001 16 0 9984
0.772000000000001 16 0 9984
0.774000000000001 16 0 9984
0.776000000000001 16 0 9984
0.778000000000001 16 0 9984
0.780000000000001 16 0 9984
0.782000000000001 16 0 9984
0.784000000000001 16 0 9984
0.786000000000001 16 0 9984
0.788000000000001 16 0 9984
0.790000000000001 16 0 9984
0.792000000000001 17 0 9983
0.794000000000001 17 0 9983
0.796000000000001 17 0 9983
0.798000000000001 17 0 9983
0.800000000000001 17 0 9983
0.802000000000001 17 0 9983
0.804000000000001 17 0 9983
0.806000000000001 17 0 9983
0.808000000000001 17 0 9983
0.810000000000001 17 0 9983
0.812000000000001 17 0 9983
0.814000000000001 17 0 9983
0.816000000000001 17 0 9983
0.818000000000001 17 0 9983
0.820000000000001 17 0 9983
0.822000000000001 17 0 9983
0.824000000000001 17 0 9983
0.826000000000001 17 0 9983
0.828000000000001 17 0 9983
0.830000000000001 17 0 9983
0.832000000000001 17 0 9983
0.834000000000001 17 0 9983
0.836000000000001 17 0 9983
0.838000000000001 17 0 9983
0.840000000000001 17 0 9983
0.842000000000001 17 0 9983
0.844000000000001 17 0 9983
0.846000000000001 17 0 9983
0.848000000000001 17 0 9983
0.850000000000001 17 0 9983
0.852000000000001 17 0 9983
0.854000000000001 17 0 9983
0.856000000000001 17 0 9983
0.858000000000001 17 0 9983
0.860000000000001 17 0 9983
0.862000000000001 17 0 9983
0.864000000000001 17 0 9983
0.866000000000001 17 0 9983
0.868000000000001 17 0 9983
0.870000000000001 17 0 9983
0.872000000000001 17 0 9983
0.874000000000001 17 0 9983
0.876000000000001 17 0 9983
0.878000000000001 17 0 9983
0.880000000000001 17 0 9983
0.882000000000001 17 0 9983
0.884000000000001 17 0 9983
0.886000000000001 17 0 9983
0.888000000000001 17 0 9983
0.890000000000001 17 0 9983
0.892000000000001 18 0 9982
0.894000000000001 18 0 9982
0.896000000000001 18 0 9982
0.898000000000001 18 0 9982
0.900000000000001 19 0 9981
0.902000000000001 19 0 9981
0.904000000000001 19 0 9981
0.906000000000001 19 0 9981
0.908000000000001 19 0 9981
0.910000000000001 19 0 9981
0.912000000000001 19 0 9981
0.914000000000001 19 0 9981
0.916000000000001 19 0 9981
0.918000000000001 19 0 9981
0.920000000000001 19 0 9981
0.922000000000001 19 0 9981
0.924000000000001 19 0 9981
0.926000000000001 19 0 9981
0.928000000000001 19 0 9981
0.930000000000001 19 0 9981
0.932000000000001 19 0 9981
0.934000000000001 19 0 9981
0.936000000000001 20 0 9980
0.938000000000001 20 0 9980
0.940000000000001 20 0 9980
0.942000000000001 20 0 9980
0.944000000000001 20 0 9980
0.946000000000001 20 0 9980
0.948000000000001 20 0 9980
0.950000000000001 20 0 9980
0.952000000000001 20 0 9980
0.954000000000001 20 0 9980
0.956000000000001 20 0 9980
0.958000000000001 20 0 9980
0.960000000000001 20 0 9980
0.962000000000001 20 0 9980
0.964000000000001 20 0 9980
0.966000000000001 20 0 9980
0.968000000000001 20 0 9980
0.970000000000001 20 0 9980
0.972000000000001 20 0 9980
0.974000000000001 20 0 9980
0.976000000000001 20 0 9980
0.978000000000001 20 0 9980
0.980000000000001 20 0 9980
0.982000000000001 20 0 9980
0.984000000000001 20 0 9980
0.986000000000001 20 0 9980
0.988000000000001 20 0 9980
0.990000000000001 20 0 9980
0.992000000000001 20 0 9980
0.994000000000001 20 0 9980
0.996000000000001 20 0 9980
0.998000000000001 20 0 9980
1 20 0 9980
1.002 10 10 9980
1.004 10 10 9980
1.006 11 10 9979
1.008 11 10 9979
1.01 11 10 9979
1.012 11 10 9979
1.014 11 10 9979
1.016 11 10 9979
1.018 11 10 9979
1.02 11 10 9979
1.022 11 10 9979
1.024 11 10 9979
1.026 11 10 9979
1.028 11 10 9979
1.03 11 10 9979
1.032 11 10 9979
1.034 12 10 9978
1.036 12 10 9978
1.038 12 10 9978
1.04 12 10 9978
1.042 12 10 9978
1.044 12 10 9978
1.046 12 10 9978
1.048 12 10 9978
1.05 12 10 9978
1.052 12 10 9978
1.054 12 10 9978
1.056 12 10 9978
1.058 12 10 9978
1.06 12 10 9978
1.062 12 10 9978
1.064 12 10 9978
1.066 11 11 9978
1.068 11 11 9978
1.07 11 11 9978
1.072 11 11 9978
1.074 11 11 9978
1.076 11 11 9978
1.078 11 11 9978
1.08 11 11 9978
1.082 11 11 9978
1.084 11 11 9978
1.086 11 11 9978
1.088 11 11 9978
1.09 11 11 9978
1.092 11 11 9978
1.094 11 11 9978
1.096 11 11 9978
1.098 11 11 9978
1.1 11 11 9978
1.102 11 11 9978
1.104 11 11 9978
1.106 11 11 9978
1.108 11 11 9978
1.11 11 11 9978
1.112 11 11 9978
1.114 11 11 9978
1.116 11 11 9978
1.118 11 11 9978
1.12 11 11 9978
1.122 11 11 9978
1.124 11 11 9978
1.126 11 11 9978
1.128 10 12 9978
1.13 10 12 9978
1.132 10 12 9978
1.134 10 12 9978
1.136 10 12 9978
1.138 11 12 9977
1.14 11 12 9977
1.142 11 12 9977
1.144 11 12 9977
1.146 11 12 9977
1.148 11 12 9977
1.15 11 12 9977
1.152 11 12 9977
1.154 11 12 9977
1.156 11 12 9977
1.158 11 12 9977
1.16 11 12 9977
1.162 11 12 9977
1.164 11 12 9977
1.166 11 12 9977
1.168 11 12 9977
1.17 11 12 9977
1.172 11 12 9977
1.174 11 12 9977
1.176 11 12 9977
1.178 11 12 9977
1.18 11 12 9977
1.182 11 12 9977
1.184 11 12 9977
1.186 11 12 9977
1.188 11 12 9977
1.19 11 12 9977
1.192 11 12 9977
1.194 11 12 9977
1.196 11 12 9977
1.198 11 12 9977
1.2 11 12 9977
1.202 11 12 9977
1.204 11 12 9977
1.206 11 12 9977
1.208 11 12 9977
1.21 11 12 9977
1.212 11 12 9977
1.214 11 12 9977
1.216 11 12 9977
1.218 11 12 9977
1.22 11 12 9977
1.222 11 12 9977
1.224 11 12 9977
1.226 11 12 9977
1.228 11 12 9977
1.23 11 12 9977
1.232 11 12 9977
1.234 11 12 9977
1.236 11 12 9977
1.238 12 12 9976
1.24 13 12 9975
1.242 13 12 9975
1.244 13 12 9975
1.246 13 12 9975
1.248 13 12 9975
1.25 13 12 9975
1.252 13 12 9975
1.254 13 12 9975
1.256 13 12 9975
1.258 13 12 9975
1.26 13 12 9975
1.262 13 12 9975
1.264 13 12 9975
1.266 13 12 9975
1.268 13 12 9975
1.27 13 12 9975
1.272 13 12 9975
1.274 13 12 9975
1.276 13 12 9975
1.278 13 12 9975
1.28 13 12 9975
1.282 13 12 9975
1.284 13 12 9975
1.286 13 12 9975
1.288 13 12 9975
1.29 13 12 9975
1.292 13 12 9975
1.294 13 12 9975
1.296 13 12 9975
1.298 13 12 9975
1.3 14 12 9974
1.302 13 13 9974
1.304 13 13 9974
1.306 13 13 9974
1.308 13 13 9974
1.31 13 13 9974
1.312 13 13 9974
1.314 13 13 9974
1.316 13 13 9974
1.318 13 13 9974
1.32 13 13 9974
1.322 13 13 9974
1.324 13 13 9974
1.326 13 13 9974
1.328 13 13 9974
1.33 13 13 9974
1.332 13 13 9974
1.334 13 13 9974
1.336 13 13 9974
1.338 13 13 9974
1.34 13 13 9974
1.342 13 13 9974
1.344 13 13 9974
1.346 13 13 9974
1.348 13 13 9974
1.35 13 13 9974
1.352 13 13 9974
1.354 13 13 9974
1.356 13 13 9974
1.358 13 13 9974
1.36 13 13 9974
1.362 13 13 9974
1.364 13 13 9974
1.366 13 13 9974
1.368 13 13 9974
1.37 13 13 9974
1.372 13 13 9974
1.374 13 13 9974
1.376 13 13 9974
1.378 13 13 9974
1.38 13 13 9974
1.382 13 13 9974
1.384 13 13 9974
1.386 13 13 9974
1.388 13 13 9974
1.39 13 13 9974
1.392 13 13 9974
1.394 13 13 9974
1.396 13 13 9974
1.398 13 13 9974
1.4 13 13 9974
1.402 13 13 9974
1.404 13 13 9974
1.406 13 13 9974
1.408 13 13 9974
1.41 13 13 9974
1.412 13 13 9974
1.414 13 13 9974
1.416 13 13 9974
1.418 13 13 9974
1.42 13 13 9974
1.422 13 13 9974
1.424 13 13 9974
1.426 13 13 9974
1.428 13 13 9974
1.43 13 13 9974
1.432 13 13 9974
1.434 13 13 9974
1.436 13 13 9974
1.438 13 13 9974
1.44 13 13 9974
1.442 13 13 9974
1.444 13 13 9974
1.446 13 13 9974
1.448 13 13 9974
1.45 13 13 9974
1.452 13 13 9974
1.454 13 13 9974
1.456 13 13 9974
1.458 13 13 9974
1.46 13 13 9974
1.462 14 13 9973
1.464 14 13 9973
1.466 14 13 9973
1.468 14 13 9973
1.47 14 13 9973
1.472 14 13 9973
1.474 14 13 9973
1.476 14 13 9973
1.478 14 13 9973
1.48 14 13 9973
1.482 14 13 9973
1.484 14 13 9973
1.486 14 13 9973
1.488 14 13 9973
1.49 14 13 9973
1.492 14 13 9973
1.494 14 13 9973
1.496 14 13 9973
1.498 14 13 9973
1.5 14 13 9973
1.502 14 13 9973
1.504 14 13 9973
1.506 14 13 9973
1.508 14 13 9973
1.51 14 13 9973
1.512 14 13 9973
1.514 14 13 9973
1.516 14 13 9973
1.518 14 13 9973
1.52 14 13 9973
1.522 14 13 9973
1.524 14 13 9973
1.526 14 13 9973
1.528 14 13 9973
1.53 14 13 9973
1.532 14 13 9973
1.534 14 13 9973
1.536 14 13 9973
1.538 14 13 9973
1.54 14 13 9973
1.542 14 13 9973
1.544 14 13 9973
1.546 14 13 9973
1.548 14 13 9973
1.55 14 13 9973
1.552 14 13 9973
1.554 14 13 9973
1.556 14 13 9973
1.558 14 13 9973
1.56 14 13 9973
1.562 14 13 9973
1.564 14 13 9973
1.566 14 13 9973
1.568 14 13 9973
1.57 14 13 9973
1.572 14 13 9973
1.574 14 13 9973
1.576 14 13 9973
1.578 14 13 9973
1.58 14 13 9973
1.582 14 13 9973
1.584 14 13 9973
1.586 14 13 9973
1.588 14 13 9973
1.59 14 13 9973
1.592 14 13 9973
1.594 14 13 9973
1.596 14 13 9973
1.598 14 13 9973
1.6 14 13 9973
1.602 14 13 9973
1.604 14 13 9973
1.606 14 13 9973
1.608 14 13 9973
1.61 15 13 9972
1.612 15 13 9972
1.614 15 13 9972
1.616 15 13 9972
1.618 15 13 9972
1.62 15 13 9972
1.622 15 13 9972
1.624 15 13 9972
1.626 15 13 9972
1.628 15 13 9972
1.63 15 13 9972
1.632 15 13 9972
1.634 15 13 9972
1.636 15 13 9972
1.638 15 13 9972
1.64 15 13 9972
1.642 15 13 9972
1.644 15 13 9972
1.646 15 13 9972
1.648 15 13 9972
1.65 15 13 9972
1.652 15 14 9971
1.654 15 14 9971
1.656 15 14 9971
1.658 15 14 9971
1.66 15 14 9971
1.662 15 14 9971
1.664 15 14 9971
1.666 15 14 9971
1.668 15 14 9971
1.67 15 14 9971
1.672 15 14 9971
1.674 15 14 9971
1.676 15 14 9971
1.678 15 14 9971
1.68 15 14 9971
1.682 15 14 9971
1.684 15 14 9971
1.686 15 14 9971
1.688 15 14 9971
1.69 15 14 9971
1.692 15 14 9971
1.694 15 14 9971
1.696 15 14 9971
1.698 15 14 9971
1.7 15 14 9971
1.702 15 14 9971
1.704 15 14 9971
1.706 15 14 9971
1.708 15 14 9971
1.71 15 14 9971
1.712 15 14 9971
1.714 15 14 9971
1.716 15 14 9971
1.718 15 14 9971
1.72 15 14 9971
1.722 16 14 9970
1.724 16 14 9970
1.726 16 14 9970
1.728 16 14 9970
1.73 16 14 9970
1.732 16 14 9970
1.734 15 15 9970
1.736 15 15 9970
1.738 15 15 9970
1.74 15 15 9970
1.742 15 15 9970
1.744 15 15 9970
1.746 15 15 9970
1.748 15 15 9970
1.75 15 15 9970
1.752 15 15 9970
1.754 15 15 9970
1.756 14 16 9970
1.758 14 16 9970
1.76 14 16 9970
1.762 14 16 9970
1.764 14 16 9970
1.766 14 16 9970
1.768 14 16 9970
1.77 14 16 9970
1.772 14 16 9970
1.774 14 16 9970
1.776 14 16 9970
1.778 14 16 9970
1.78 14 16 9970
1.782 14 16 9970
1.784 14 16 9970
1.786 14 16 9970
1.788 14 16 9970
1.79 14 16 9970
1.792 13 17 9970
1.794 13 17 9970
1.796 13 17 9970
1.798 13 17 9970
1.8 13 17 9970
1.802 13 17 9970
1.804 13 17 9970
1.806 13 17 9970
1.808 13 17 9970
1.81 13 17 9970
1.812 13 17 9970
1.814 13 17 9970
1.816 13 17 9970
1.818 15 17 9968
1.82 15 17 9968
1.822 15 17 9968
1.824 15 17 9968
1.826 15 17 9968
1.828 15 17 9968
1.83 15 17 9968
1.832 15 17 9968
1.834 15 17 9968
1.836 15 17 9968
1.838 15 17 9968
1.84 15 17 9968
1.842 15 17 9968
1.844 15 17 9968
1.846 15 17 9968
1.848 15 17 9968
1.85 15 17 9968
1.852 15 17 9968
1.854 15 17 9968
1.856 15 17 9968
1.858 15 17 9968
1.86 15 17 9968
1.862 15 17 9968
1.864 15 17 9968
1.866 15 17 9968
1.868 15 17 9968
1.87 15 17 9968
1.872 15 17 9968
1.874 15 17 9968
1.876 15 17 9968
1.878 15 17 9968
1.88 15 17 9968
1.882 15 17 9968
1.884 15 17 9968
1.886 15 17 9968
1.888 15 17 9968
1.89 15 17 9968
1.892 14 18 9968
1.894 14 18 9968
1.896 14 18 9968
1.898 14 18 9968
1.9 13 19 9968
1.902 13 19 9968
1.904 13 19 9968
1.906 13 19 9968
1.908 13 19 9968
1.91 13 19 9968
1.912 13 19 9968
1.914 13 19 9968
1.916 13 19 9968
1.918 13 19 9968
1.92 13 19 9968
1.922 13 19 9968
1.924 13 19 9968
1.926 13 19 9968
1.928 13 19 9968
1.93 13 19 9968
1.932 14 19 9967
1.934 14 19 9967
1.936 13 20 9967
1.938 13 20 9967
1.94 13 20 9967
1.942 13 20 9967
1.944 13 20 9967
1.946 13 20 9967
1.948 13 20 9967
1.95 13 20 9967
1.952 13 20 9967
1.954 13 20 9967
1.956 13 20 9967
1.958 13 20 9967
1.96 13 20 9967
1.962 13 20 9967
1.964 13 20 9967
1.966 13 20 9967
1.968 13 20 9967
1.97 14 20 9966
1.972 14 20 9966
1.974 14 20 9966
1.976 14 20 9966
1.978 14 20 9966
1.98 14 20 9966
1.982 14 20 9966
1.984 14 20 9966
1.986 14 20 9966
1.988 14 20 9966
1.99 14 20 9966
1.992 14 20 9966
1.994 14 20 9966
1.996 14 20 9966
1.998 14 20 9966
2 14 20 9966
2.002 14 20 9966
2.004 14 20 9966
2.006 13 21 9966
2.008 13 21 9966
2.01 13 21 9966
2.012 13 21 9966
2.014 13 21 9966
2.016 13 21 9966
2.018 13 21 9966
2.02 13 21 9966
2.022 13 21 9966
2.024 13 21 9966
2.026 13 21 9966
2.028 13 21 9966
2.03 13 21 9966
2.032 13 21 9966
2.034 13 21 9966
2.036 12 22 9966
2.038 12 22 9966
2.04 12 22 9966
2.042 12 22 9966
2.044 12 22 9966
2.046 12 22 9966
2.048 12 22 9966
2.05 12 22 9966
2.052 12 22 9966
2.054 12 22 9966
2.056 12 22 9966
2.05799999999999 12 22 9966
2.05999999999999 12 22 9966
2.06199999999999 12 22 9966
2.06399999999999 12 22 9966
2.06599999999999 12 22 9966
2.06799999999999 12 22 9966
2.06999999999999 12 22 9966
2.07199999999999 12 22 9966
2.07399999999999 12 22 9966
2.07599999999999 12 22 9966
2.07799999999999 12 22 9966
2.07999999999999 12 22 9966
2.08199999999999 12 22 9966
2.08399999999999 12 22 9966
2.08599999999999 12 22 9966
2.08799999999999 12 22 9966
2.08999999999999 12 22 9966
2.09199999999999 12 22 9966
2.09399999999999 12 22 9966
2.09599999999999 12 22 9966
2.09799999999999 12 22 9966
2.09999999999999 12 22 9966
2.10199999999999 12 22 9966
2.10399999999999 12 22 9966
2.10599999999999 12 22 9966
2.10799999999999 12 22 9966
2.10999999999999 12 22 9966
2.11199999999999 12 22 9966
2.11399999999999 12 22 9966
2.11599999999999 12 22 9966
2.11799999999999 12 22 9966
2.11999999999999 12 22 9966
2.12199999999999 12 22 9966
2.12399999999999 12 22 9966
2.12599999999999 12 22 9966
2.12799999999999 12 22 9966
2.12999999999999 12 22 9966
2.13199999999999 12 22 9966
2.13399999999999 12 22 9966
2.13599999999999 12 22 9966
2.13799999999999 12 22 9966
2.13999999999999 11 23 9966
2.14199999999999 11 23 9966
2.14399999999999 11 23 9966
2.14599999999999 11 23 9966
2.14799999999999 11 23 9966
2.14999999999998 11 23 9966
2.15199999999998 11 23 9966
2.15399999999998 11 23 9966
2.15599999999998 11 23 9966
2.15799999999998 11 23 9966
2.15999999999998 11 23 9966
2.16199999999998 11 23 9966
2.16399999999998 11 23 9966
2.16599999999998 11 23 9966
2.16799999999998 11 23 9966
2.16999999999998 11 23 9966
2.17199999999998 11 23 9966
2.17399999999998 11 23 9966
2.17599999999998 11 23 9966
2.17799999999998 11 23 9966
2.17999999999998 12 23 9965
2.18199999999998 12 23 9965
2.18399999999998 12 23 9965
2.18599999999998 12 23 9965
2.18799999999998 12 23 9965
2.18999999999998 12 23 9965
2.19199999999998 12 23 9965
2.19399999999998 12 23 9965
2.19599999999998 12 23 9965
2.19799999999998 12 23 9965
2.19999999999998 12 23 9965
2.20199999999998 12 23 9965
2.20399999999998 12 23 9965
2.20599999999998 12 23 9965
2.20799999999998 12 23 9965
2.20999999999998 12 23 9965
2.21199999999998 12 23 9965
2.21399999999998 12 23 9965
2.21599999999998 12 23 9965
2.21799999999998 12 23 9965
2.21999999999998 12 23 9965
2.22199999999998 12 23 9965
2.22399999999998 12 23 9965
2.22599999999998 12 23 9965
2.22799999999998 12 23 9965
2.22999999999998 12 23 9965
2.23199999999998 12 23 9965
2.23399999999998 12 23 9965
2.23599999999998 12 23 9965
2.23799999999998 12 23 9965
2.23999999999997 11 24 9965
2.24199999999997 10 25 9965
2.24399999999997 10 25 9965
2.24599999999997 10 25 9965
2.24799999999997 10 25 9965
2.24999999999997 10 25 9965
2.25199999999997 10 25 9965
2.25399999999997 10 25 9965
2.25599999999997 10 25 9965
2.25799999999997 10 25 9965
2.25999999999997 10 25 9965
2.26199999999997 10 25 9965
2.26399999999997 10 25 9965
2.26599999999997 10 25 9965
2.26799999999997 10 25 9965
2.26999999999997 10 25 9965
2.27199999999997 10 25 9965
2.27399999999997 10 25 9965
2.27599999999997 10 25 9965
2.27799999999997 10 25 9965
2.27999999999997 10 25 9965
2.28199999999997 10 25 9965
2.28399999999997 10 25 9965
2.28599999999997 10 25 9965
2.28799999999997 10 25 9965
2.28999999999997 10 25 9965
2.29199999999997 10 25 9965
2.29399999999997 10 25 9965
2.29599999999997 10 25 9965
2.29799999999997 10 25 9965
2.29999999999997 10 25 9965
2.30199999999997 9 26 9965
2.30399999999997 9 26 9965
2.30599999999997 9 26 9965
2.30799999999997 9 26 9965
2.30999999999997 9 26 9965
2.31199999999997 9 26 9965
2.31399999999997 9 26 9965
2.31599999999997 9 26 9965
2.31799999999997 9 26 9965
2.31999999999997 9 26 9965
2.32199999999997 9 26 9965
2.32399999999997 9 26 9965
2.32599999999997 9 26 9965
2.32799999999997 9 26 9965
2.32999999999996 9 26 9965
2.33199999999996 9 26 9965
2.33399999999996 9 26 9965
2.33599999999996 9 26 9965
2.33799999999996 9 26 9965
2.33999999999996 9 26 9965
2.34199999999996 9 26 9965
2.34399999999996 9 26 9965
2.34599999999996 9 26 9965
2.34799999999996 9 26 9965
2.34999999999996 9 26 9965
2.35199999999996 9 26 9965
2.35399999999996 9 26 9965
2.35599999999996 9 26 9965
2.35799999999996 9 26 9965
2.35999999999996 9 26 9965
2.36199999999996 9 26 9965
2.36399999999996 9 26 9965
2.36599999999996 9 26 9965
2.36799999999996 9 26 9965
2.36999999999996 9 26 9965
2.37199999999996 9 26 9965
2.37399999999996 10 26 9964
2.37599999999996 10 26 9964
2.37799999999996 10 26 9964
2.37999999999996 10 26 9964
2.38199999999996 10 26 9964
2.38399999999996 10 26 9964
2.38599999999996 10 26 9964
2.38799999999996 10 26 9964
2.38999999999996 10 26 9964
2.39199999999996 10 26 9964
2.39399999999996 10 26 9964
2.39599999999996 10 26 9964
2.39799999999996 10 26 9964
2.39999999999996 10 26 9964
2.40199999999996 10 26 9964
2.40399999999996 10 26 9964
2.40599999999996 10 26 9964
2.40799999999996 10 26 9964
2.40999999999996 10 26 9964
2.41199999999996 10 26 9964
2.41399999999996 10 26 9964
2.41599999999996 10 26 9964
2.41799999999996 10 26 9964
2.41999999999996 10 26 9964
2.42199999999995 10 26 9964
2.42399999999995 10 26 9964
2.42599999999995 10 26 9964
2.42799999999995 10 26 9964
2.42999999999995 10 26 9964
2.43199999999995 10 26 9964
2.43399999999995 10 26 9964
2.43599999999995 10 26 9964
2.43799999999995 10 26 9964
2.43999999999995 10 26 9964
2.44199999999995 10 26 9964
2.44399999999995 10 26 9964
2.44599999999995 10 26 9964
2.44799999999995 10 26 9964
2.44999999999995 10 26 9964
2.45199999999995 11 26 9963
2.45399999999995 11 26 9963
2.45599999999995 11 26 9963
2.45799999999995 11 26 9963
2.45999999999995 11 26 9963
2.46199999999995 11 26 9963
2.46399999999995 10 27 9963
2.46599999999995 11 27 9962
2.46799999999995 11 27 9962
2.46999999999995 11 27 9962
2.47199999999995 11 27 9962
2.47399999999995 12 27 9961
2.47599999999995 12 27 9961
2.47799999999995 12 27 9961
2.47999999999995 12 27 9961
2.48199999999995 12 27 9961
2.48399999999995 12 27 9961
2.48599999999995 12 27 9961
2.48799999999995 12 27 9961
2.48999999999995 12 27 9961
2.49199999999995 12 27 9961
2.49399999999995 12 27 9961
2.49599999999995 12 27 9961
2.49799999999995 12 27 9961
2.49999999999995 12 27 9961
2.50199999999995 12 27 9961
2.50399999999995 12 27 9961
2.50599999999995 12 27 9961
2.50799999999995 12 27 9961
2.50999999999995 12 27 9961
2.51199999999994 12 27 9961
2.51399999999994 12 27 9961
2.51599999999994 12 27 9961
2.51799999999994 12 27 9961
2.51999999999994 12 27 9961
2.52199999999994 12 27 9961
2.52399999999994 12 27 9961
2.52599999999994 12 27 9961
2.52799999999994 12 27 9961
2.52999999999994 12 27 9961
2.53199999999994 12 27 9961
2.53399999999994 12 27 9961
2.53599999999994 12 27 9961
2.53799999999994 12 27 9961
2.53999999999994 12 27 9961
2.54199999999994 12 27 9961
2.54399999999994 12 27 9961
2.54599999999994 12 27 9961
2.54799999999994 12 27 9961
2.54999999999994 12 27 9961
2.55199999999994 12 27 9961
2.55399999999994 12 27 9961
2.55599999999994 12 27 9961
2.55799999999994 12 27 9961
2.55999999999994 13 27 9960
2.56199999999994 13 27 9960
2.56399999999994 13 27 9960
2.56599999999994 13 27 9960
2.56799999999994 13 27 9960
2.56999999999994 13 27 9960
2.57199999999994 13 27 9960
2.57399999999994 13 27 9960
2.57599999999994 13 27 9960
2.57799999999994 13 27 9960
2.57999999999994 13 27 9960
2.58199999999994 13 27 9960
2.58399999999994 13 27 9960
2.58599999999994 13 27 9960
2.58799999999994 13 27 9960
2.58999999999994 13 27 9960
2.59199999999994 13 27 9960
2.59399999999994 13 27 9960
2.59599999999994 13 27 9960
2.59799999999994 13 27 9960
2.59999999999994 13 27 9960
2.60199999999994 13 27 9960
2.60399999999993 13 27 9960
2.60599999999993 13 27 9960
2.60799999999993 13 27 9960
2.60999999999993 13 27 9960
2.61199999999993 12 28 9960
2.61399999999993 12 28 9960
2.61599999999993 12 28 9960
2.61799999999993 12 28 9960
2.61999999999993 12 28 9960
2.62199999999993 12 28 9960
2.62399999999993 12 28 9960
2.62599999999993 12 28 9960
2.62799999999993 12 28 9960
2.62999999999993 12 28 9960
2.63199999999993 12 28 9960
2.63399999999993 12 28 9960
2.63599999999993 12 28 9960
2.63799999999993 12 28 9960
2.63999999999993 12 28 9960
2.64199999999993 12 28 9960
2.64399999999993 12 28 9960
2.64599999999993 12 28 9960
2.64799999999993 12 28 9960
2.64999999999993 12 28 9960
2.65199999999993 12 28 9960
2.65399999999993 11 29 9960
2.65599999999993 11 29 9960
2.65799999999993 11 29 9960
2.65999999999993 11 29 9960
2.66199999999993 12 29 9959
2.66399999999993 12 29 9959
2.66599999999993 12 29 9959
2.66799999999993 12 29 9959
2.66999999999993 12 29 9959
2.67199999999993 12 29 9959
2.67399999999993 12 29 9959
2.67599999999993 12 29 9959
2.67799999999993 12 29 9959
2.67999999999993 12 29 9959
2.68199999999993 12 29 9959
2.68399999999993 12 29 9959
2.68599999999993 12 29 9959
2.68799999999993 12 29 9959
2.68999999999993 12 29 9959
2.69199999999993 12 29 9959
2.69399999999992 12 29 9959
2.69599999999992 12 29 9959
2.69799999999992 12 29 9959
2.69999999999992 12 29 9959
2.70199999999992 12 29 9959
2.70399999999992 12 29 9959
2.70599999999992 12 29 9959
2.70799999999992 12 29 9959
2.70999999999992 12 29 9959
2.71199999999992 12 29 9959
2.71399999999992 12 29 9959
2.71599999999992 12 29 9959
2.71799999999992 12 29 9959
2.71999999999992 12 29 9959
2.72199999999992 12 29 9959
2.72399999999992 11 30 9959
2.72599999999992 11 30 9959
2.72799999999992 11 30 9959
2.72999999999992 11 30 9959
2.73199999999992 11 30 9959
2.73399999999992 11 30 9959
2.73599999999992 11 30 9959
2.73799999999992 11 30 9959
2.73999999999992 11 30 9959
2.74199999999992 11 30 9959
2.74399999999992 11 30 9959
2.74599999999992 11 30 9959
2.74799999999992 11 30 9959
2.74999999999992 11 30 9959
2.75199999999992 11 30 9959
2.75399999999992 11 30 9959
2.75599999999992 11 30 9959
2.75799999999992 11 30 9959
2.75999999999992 11 30 9959
2.76199999999992 11 30 9959
2.76399999999992 11 30 9959
2.76599999999992 11 30 9959
2.76799999999992 11 30 9959
2.76999999999992 11 30 9959
2.77199999999992 11 30 9959
2.77399999999992 11 30 9959
2.77599999999992 11 30 9959
2.77799999999992 11 30 9959
2.77999999999992 11 30 9959
2.78199999999992 11 30 9959
2.78399999999991 11 30 9959
2.78599999999991 11 30 9959
2.78799999999991 11 30 9959
2.78999999999991 11 30 9959
2.79199999999991 11 30 9959
2.79399999999991 11 30 9959
2.79599999999991 11 30 9959
2.79799999999991 11 30 9959
2.79999999999991 11 30 9959
2.80199999999991 11 30 9959
2.80399999999991 11 30 9959
2.80599999999991 11 30 9959
2.80799999999991 11 30 9959
2.80999999999991 11 30 9959
2.81199999999991 11 30 9959
2.81399999999991 11 30 9959
2.81599999999991 11 30 9959
2.81799999999991 11 30 9959
2.81999999999991 9 32 9959
2.82199999999991 9 32 9959
2.82399999999991 10 32 9958
2.82599999999991 10 32 9958
2.82799999999991 10 32 9958
2.82999999999991 10 32 9958
2.83199999999991 10 32 9958
2.83399999999991 10 32 9958
2.83599999999991 10 32 9958
2.83799999999991 10 32 9958
2.83999999999991 10 32 9958
2.84199999999991 10 32 9958
2.84399999999991 10 32 9958
2.84599999999991 10 32 9958
2.84799999999991 10 32 9958
2.84999999999991 10 32 9958
2.85199999999991 10 32 9958
2.85399999999991 10 32 9958
2.85599999999991 10 32 9958
2.85799999999991 10 32 9958
2.85999999999991 10 32 9958
2.86199999999991 10 32 9958
2.86399999999991 10 32 9958
2.86599999999991 10 32 9958
2.86799999999991 11 32 9957
2.86999999999991 11 32 9957
2.87199999999991 11 32 9957
2.87399999999991 11 32 9957
2.8759999999999 11 32 9957
2.8779999999999 11 32 9957
2.8799999999999 11 32 9957
2.8819999999999 11 32 9957
2.8839999999999 11 32 9957
2.8859999999999 11 32 9957
2.8879999999999 11 32 9957
2.8899999999999 11 32 9957
2.8919999999999 11 32 9957
2.8939999999999 11 32 9957
2.8959999999999 12 32 9956
2.8979999999999 12 32 9956
2.8999999999999 12 32 9956
2.9019999999999 12 32 9956
2.9039999999999 12 32 9956
2.9059999999999 12 32 9956
2.9079999999999 12 32 9956
2.9099999999999 12 32 9956
2.9119999999999 12 32 9956
2.9139999999999 12 32 9956
2.9159999999999 12 32 9956
2.9179999999999 12 32 9956
2.9199999999999 12 32 9956
2.9219999999999 12 32 9956
2.9239999999999 13 32 9955
2.9259999999999 13 32 9955
2.9279999999999 13 32 9955
2.9299999999999 13 32 9955
2.9319999999999 13 32 9955
2.9339999999999 12 33 9955
2.9359999999999 12 33 9955
2.9379999999999 12 33 9955
2.9399999999999 12 33 9955
2.9419999999999 12 33 9955
2.9439999999999 12 33 9955
2.9459999999999 12 33 9955
2.9479999999999 12 33 9955
2.9499999999999 12 33 9955
2.9519999999999 12 33 9955
2.9539999999999 12 33 9955
2.9559999999999 12 33 9955
2.9579999999999 12 33 9955
2.9599999999999 12 33 9955
2.9619999999999 12 33 9955
2.9639999999999 12 33 9955
2.96599999999989 12 33 9955
2.96799999999989 12 33 9955
2.96999999999989 12 33 9955
2.97199999999989 11 34 9955
2.97399999999989 11 34 9955
2.97599999999989 11 34 9955
2.97799999999989 11 34 9955
2.97999999999989 11 34 9955
2.98199999999989 11 34 9955
2.98399999999989 11 34 9955
2.98599999999989 11 34 9955
2.98799999999989 12 34 9954
2.98999999999989 12 34 9954
2.99199999999989 12 34 9954
2.99399999999989 12 34 9954
2.99599999999989 12 34 9954
2.99799999999989 12 34 9954
2.99999999999989 12 34 9954
3.00199999999989 12 34 9954
3.00399999999989 12 34 9954
3.00599999999989 12 34 9954
3.00799999999989 12 34 9954
3.00999999999989 12 34 9954
3.01199999999989 12 34 9954
3.01399999999989 12 34 9954
3.01599999999989 12 34 9954
3.01799999999989 12 34 9954
3.01999999999989 12 34 9954
3.02199999999989 12 34 9954
3.02399999999989 12 34 9954
3.02599999999989 12 34 9954
3.02799999999989 12 34 9954
3.02999999999989 12 34 9954
3.03199999999989 12 34 9954
3.03399999999989 12 34 9954
3.03599999999989 12 34 9954
3.03799999999989 12 34 9954
3.03999999999989 12 34 9954
3.04199999999989 12 34 9954
3.04399999999989 12 34 9954
3.04599999999989 12 34 9954
3.04799999999989 12 34 9954
3.04999999999989 12 34 9954
3.05199999999989 12 34 9954
3.05399999999989 12 34 9954
3.05599999999989 12 34 9954
3.05799999999988 12 34 9954
3.05999999999988 12 34 9954
3.06199999999988 12 34 9954
3.06399999999988 12 34 9954
3.06599999999988 12 34 9954
3.06799999999988 12 34 9954
3.06999999999988 12 34 9954
3.07199999999988 12 34 9954
3.07399999999988 12 34 9954
3.07599999999988 12 34 9954
3.07799999999988 12 34 9954
3.07999999999988 12 34 9954
3.08199999999988 12 34 9954
3.08399999999988 12 34 9954
3.08599999999988 12 34 9954
3.08799999999988 12 34 9954
3.08999999999988 12 34 9954
3.09199999999988 12 34 9954
3.09399999999988 12 34 9954
3.09599999999988 12 34 9954
3.09799999999988 12 34 9954
3.09999999999988 12 34 9954
3.10199999999988 12 34 9954
3.10399999999988 12 34 9954
3.10599999999988 12 34 9954
3.10799999999988 12 34 9954
3.10999999999988 12 34 9954
3.11199999999988 12 34 9954
3.11399999999988 12 34 9954
3.11599999999988 12 34 9954
3.11799999999988 13 34 9953
3.11999999999988 13 34 9953
3.12199999999988 13 34 9953
3.12399999999988 13 34 9953
3.12599999999988 13 34 9953
3.12799999999988 13 34 9953
3.12999999999988 13 34 9953
3.13199999999988 13 34 9953
3.13399999999988 13 34 9953
3.13599999999988 13 34 9953
3.13799999999988 13 34 9953
3.13999999999988 13 34 9953
3.14199999999988 13 34 9953
3.14399999999988 13 34 9953
3.14599999999988 13 34 9953
3.14799999999987 14 34 9952
3.14999999999987 14 34 9952
3.15199999999987 14 34 9952
3.15399999999987 14 34 9952
3.15599999999987 14 34 9952
3.15799999999987 14 34 9952
3.15999999999987 14 34 9952
3.16199999999987 14 34 9952
3.16399999999987 14 34 9952
3.16599999999987 14 34 9952
3.16799999999987 14 34 9952
3.16999999999987 15 34 9951
3.17199999999987 15 34 9951
3.17399999999987 15 34 9951
3.17599999999987 15 34 9951
3.17799999999987 15 34 9951
3.17999999999987 15 34 9951
3.18199999999987 14 35 9951
3.18399999999987 14 35 9951
3.18599999999987 14 35 9951
3.18799999999987 14 35 9951
3.18999999999987 14 35 9951
3.19199999999987 14 35 9951
3.19399999999987 14 35 9951
3.19599999999987 14 35 9951
3.19799999999987 14 35 9951
3.19999999999987 14 35 9951
3.20199999999987 14 35 9951
3.20399999999987 14 35 9951
3.20599999999987 14 35 9951
3.20799999999987 14 35 9951
3.20999999999987 14 35 9951
3.21199999999987 14 35 9951
3.21399999999987 14 35 9951
3.21599999999987 14 35 9951
3.21799999999987 14 35 9951
3.21999999999987 14 35 9951
3.22199999999987 14 35 9951
3.22399999999987 14 35 9951
3.22599999999987 14 35 9951
3.22799999999987 14 35 9951
3.22999999999987 14 35 9951
3.23199999999987 14 35 9951
3.23399999999987 14 35 9951
3.23599999999987 14 35 9951
3.23799999999986 14 35 9951
3.23999999999986 14 35 9951
3.24199999999986 14 35 9951
3.24399999999986 14 35 9951
3.24599999999986 14 35 9951
3.24799999999986 14 35 9951
3.24999999999986 14 35 9951
3.25199999999986 14 35 9951
3.25399999999986 14 35 9951
3.25599999999986 14 35 9951
3.25799999999986 14 35 9951
3.25999999999986 14 35 9951
3.26199999999986 14 35 9951
3.26399999999986 14 35 9951
3.26599999999986 14 35 9951
3.26799999999986 14 35 9951
3.26999999999986 14 35 9951
3.27199999999986 14 35 9951
3.27399999999986 14 35 9951
3.27599999999986 14 35 9951
3.27799999999986 14 35 9951
3.27999999999986 14 35 9951
3.28199999999986 14 35 9951
3.28399999999986 15 35 9950
3.28599999999986 15 35 9950
3.28799999999986 15 35 9950
3.28999999999986 15 35 9950
3.29199999999986 16 35 9949
3.29399999999986 16 35 9949
3.29599999999986 16 35 9949
3.29799999999986 16 35 9949
3.29999999999986 16 35 9949
3.30199999999986 16 35 9949
3.30399999999986 16 35 9949
3.30599999999986 16 35 9949
3.30799999999986 16 35 9949
3.30999999999986 16 35 9949
3.31199999999986 16 35 9949
3.31399999999986 16 35 9949
3.31599999999986 16 35 9949
3.31799999999986 16 35 9949
3.31999999999986 16 35 9949
3.32199999999986 16 35 9949
3.32399999999986 16 35 9949
3.32599999999986 16 35 9949
3.32799999999986 16 35 9949
3.32999999999985 16 35 9949
3.33199999999985 16 35 9949
3.33399999999985 16 35 9949
3.33599999999985 16 35 9949
3.33799999999985 16 35 9949
3.33999999999985 16 35 9949
3.34199999999985 16 35 9949
3.34399999999985 16 35 9949
3.34599999999985 16 35 9949
3.34799999999985 16 35 9949
3.34999999999985 16 35 9949
3.35199999999985 16 35 9949
3.35399999999985 16 35 9949
3.35599999999985 16 35 9949
3.35799999999985 16 35 9949
3.35999999999985 16 35 9949
3.36199999999985 16 35 9949
3.36399999999985 16 35 9949
3.36599999999985 16 35 9949
3.36799999999985 16 35 9949
3.36999999999985 16 35 9949
3.37199999999985 16 35 9949
3.37399999999985 16 35 9949
3.37599999999985 15 36 9949
3.37799999999985 15 36 9949
3.37999999999985 15 36 9949
3.38199999999985 15 36 9949
3.38399999999985 15 36 9949
3.38599999999985 15 36 9949
3.38799999999985 15 36 9949
3.38999999999985 15 36 9949
3.39199999999985 15 36 9949
3.39399999999985 15 36 9949
3.39599999999985 15 36 9949
3.39799999999985 15 36 9949
3.39999999999985 15 36 9949
3.40199999999985 15 36 9949
3.40399999999985 15 36 9949
3.40599999999985 15 36 9949
3.40799999999985 15 36 9949
3.40999999999985 15 36 9949
3.41199999999985 15 36 9949
3.41399999999985 15 36 9949
3.41599999999985 15 36 9949
3.41799999999985 15 36 9949
3.41999999999984 15 36 9949
3.42199999999984 15 36 9949
3.42399999999984 15 36 9949
3.42599999999984 15 36 9949
3.42799999999984 15 36 9949
3.42999999999984 15 36 9949
3.43199999999984 15 36 9949
3.43399999999984 15 36 9949
3.43599999999984 15 36 9949
3.43799999999984 15 36 9949
3.43999999999984 15 36 9949
3.44199999999984 15 36 9949
3.44399999999984 15 36 9949
3.44599999999984 15 36 9949
3.44799999999984 15 36 9949
3.44999999999984 15 36 9949
3.45199999999984 15 36 9949
3.45399999999984 14 37 9949
3.45599999999984 14 37 9949
3.45799999999984 14 37 9949
3.45999999999984 14 37 9949
3.46199999999984 15 37 9948
3.46399999999984 15 37 9948
3.46599999999984 15 37 9948
3.46799999999984 14 38 9948
3.46999999999984 14 38 9948
3.47199999999984 14 38 9948
3.47399999999984 14 38 9948
3.47599999999984 13 39 9948
3.47799999999984 13 39 9948
3.47999999999984 13 39 9948
3.48199999999984 13 39 9948
3.48399999999984 13 39 9948
3.48599999999984 13 39 9948
3.48799999999984 13 39 9948
3.48999999999984 13 39 9948
3.49199999999984 13 39 9948
3.49399999999984 13 39 9948
3.49599999999984 13 39 9948
3.49799999999984 13 39 9948
3.49999999999984 13 39 9948
3.50199999999984 13 39 9948
3.50399999999984 13 39 9948
3.50599999999984 13 39 9948
3.50799999999984 13 39 9948
3.50999999999984 13 39 9948
3.51199999999983 13 39 9948
3.51399999999983 13 39 9948
3.51599999999983 13 39 9948
3.51799999999983 13 39 9948
3.51999999999983 13 39 9948
3.52199999999983 13 39 9948
3.52399999999983 13 39 9948
3.52599999999983 13 39 9948
3.52799999999983 13 39 9948
3.52999999999983 13 39 9948
3.53199999999983 13 39 9948
3.53399999999983 13 39 9948
3.53599999999983 13 39 9948
3.53799999999983 13 39 9948
3.53999999999983 13 39 9948
3.54199999999983 13 39 9948
3.54399999999983 13 39 9948
3.54599999999983 13 39 9948
3.54799999999983 13 39 9948
3.54999999999983 13 39 9948
3.55199999999983 13 39 9948
3.55399999999983 13 39 9948
3.55599999999983 13 39 9948
3.55799999999983 13 39 9948
3.55999999999983 13 39 9948
3.56199999999983 12 40 9948
3.56399999999983 12 40 9948
3.56599999999983 12 40 9948
3.56799999999983 12 40 9948
3.56999999999983 12 40 9948
3.57199999999983 12 40 9948
3.57399999999983 12 40 9948
3.57599999999983 12 40 9948
3.57799999999983 12 40 9948
3.57999999999983 12 40 9948
3.58199999999983 12 40 9948
3.58399999999983 12 40 9948
3.58599999999983 12 40 9948
3.58799999999983 12 40 9948
3.58999999999983 12 40 9948
3.59199999999983 12 40 9948
3.59399999999983 12 40 9948
3.59599999999983 12 40 9948
3.59799999999983 12 40 9948
3.59999999999983 12 40 9948
3.60199999999982 12 40 9948
3.60399999999982 12 40 9948
3.60599999999982 12 40 9948
3.60799999999982 12 40 9948
3.60999999999982 12 40 9948
3.61199999999982 12 40 9948
3.61399999999982 12 40 9948
3.61599999999982 12 40 9948
3.61799999999982 12 40 9948
3.61999999999982 12 40 9948
3.62199999999982 12 40 9948
3.62399999999982 12 40 9948
3.62599999999982 12 40 9948
3.62799999999982 12 40 9948
3.62999999999982 12 40 9948
3.63199999999982 12 40 9948
3.63399999999982 12 40 9948
3.63599999999982 12 40 9948
3.63799999999982 12 40 9948
3.63999999999982 12 40 9948
3.64199999999982 12 40 9948
3.64399999999982 12 40 9948
3.64599999999982 12 40 9948
3.64799999999982 12 40 9948
3.64999999999982 12 40 9948
3.65199999999982 12 40 9948
3.65399999999982 12 40 9948
3.65599999999982 12 40 9948
3.65799999999982 12 40 9948
3.65999999999982 12 40 9948
3.66199999999982 12 40 9948
3.66399999999982 11 41 9948
3.66599999999982 11 41 9948
3.66799999999982 11 41 9948
3.66999999999982 11 41 9948
3.67199999999982 11 41 9948
3.67399999999982 11 41 9948
3.67599999999982 11 41 9948
3.67799999999982 11 41 9948
3.67999999999982 11 41 9948
3.68199999999982 11 41 9948
3.68399999999982 11 41 9948
3.68599999999982 11 41 9948
3.68799999999982 11 41 9948
3.68999999999982 11 41 9948
3.69199999999981 11 41 9948
3.69399999999981 11 41 9948
3.69599999999981 11 41 9948
3.69799999999981 11 41 9948
3.69999999999981 11 41 9948
3.70199999999981 11 41 9948
3.70399999999981 11 41 9948
3.70599999999981 11 41 9948
3.70799999999981 11 41 9948
3.70999999999981 11 41 9948
3.71199999999981 11 41 9948
3.71399999999981 11 41 9948
3.71599999999981 11 41 9948
3.71799999999981 11 41 9948
3.71999999999981 11 41 9948
3.72199999999981 11 41 9948
3.72399999999981 11 41 9948
3.72599999999981 11 41 9948
3.72799999999981 11 41 9948
3.72999999999981 11 41 9948
3.73199999999981 11 41 9948
3.73399999999981 11 41 9948
3.73599999999981 11 41 9948
3.73799999999981 11 41 9948
3.73999999999981 11 41 9948
3.74199999999981 11 41 9948
3.74399999999981 11 41 9948
3.74599999999981 11 41 9948
3.74799999999981 11 41 9948
3.74999999999981 11 41 9948
3.75199999999981 11 41 9948
3.75399999999981 11 41 9948
3.75599999999981 11 41 9948
3.75799999999981 11 41 9948
3.75999999999981 11 41 9948
3.76199999999981 11 41 9948
3.76399999999981 11 41 9948
3.76599999999981 11 41 9948
3.76799999999981 11 41 9948
3.76999999999981 11 41 9948
3.77199999999981 11 41 9948
3.77399999999981 11 41 9948
3.77599999999981 11 41 9948
3.77799999999981 11 41 9948
3.77999999999981 11 41 9948
3.78199999999981 11 41 9948
3.7839999999998 11 41 9948
3.7859999999998 11 41 9948
3.7879999999998 11 41 9948
3.7899999999998 11 41 9948
3.7919999999998 11 41 9948
3.7939999999998 11 41 9948
3.7959999999998 11 41 9948
3.7979999999998 11 41 9948
3.7999999999998 11 41 9948
3.8019999999998 11 41 9948
3.8039999999998 11 41 9948
3.8059999999998 11 41 9948
3.8079999999998 11 41 9948
3.8099999999998 11 41 9948
3.8119999999998 11 41 9948
3.8139999999998 11 41 9948
3.8159999999998 11 41 9948
3.8179999999998 11 41 9948
3.8199999999998 11 41 9948
3.8219999999998 11 41 9948
3.8239999999998 11 41 9948
3.8259999999998 10 42 9948
3.8279999999998 10 42 9948
3.8299999999998 10 42 9948
3.8319999999998 10 42 9948
3.8339999999998 10 42 9948
3.8359999999998 10 42 9948
3.8379999999998 10 42 9948
3.8399999999998 10 42 9948
3.8419999999998 10 42 9948
3.8439999999998 10 42 9948
3.8459999999998 10 42 9948
3.8479999999998 10 42 9948
3.8499999999998 10 42 9948
3.8519999999998 10 42 9948
3.8539999999998 10 42 9948
3.8559999999998 11 42 9947
3.8579999999998 11 42 9947
3.8599999999998 11 42 9947
3.8619999999998 11 42 9947
3.8639999999998 11 42 9947
3.8659999999998 11 42 9947
3.8679999999998 11 42 9947
3.8699999999998 10 43 9947
3.8719999999998 10 43 9947
3.87399999999979 10 43 9947
3.87599999999979 10 43 9947
3.87799999999979 10 43 9947
3.87999999999979 10 43 9947
3.88199999999979 10 43 9947
3.88399999999979 10 43 9947
3.88599999999979 10 43 9947
3.88799999999979 10 43 9947
3.88999999999979 10 43 9947
3.89199999999979 10 43 9947
3.89399999999979 10 43 9947
3.89599999999979 10 43 9947
3.89799999999979 9 44 9947
3.89999999999979 10 44 9946
3.90199999999979 10 44 9946
3.90399999999979 10 44 9946
3.90599999999979 10 44 9946
3.90799999999979 10 44 9946
3.90999999999979 10 44 9946
3.91199999999979 10 44 9946
3.91399999999979 10 44 9946
3.91599999999979 10 44 9946
3.91799999999979 10 44 9946
3.91999999999979 10 44 9946
3.92199999999979 10 44 9946
3.92399999999979 11 44 9945
3.92599999999979 11 45 9944
3.92799999999979 11 45 9944
3.92999999999979 11 45 9944
3.93199999999979 11 45 9944
3.93399999999979 11 45 9944
3.93599999999979 11 45 9944
3.93799999999979 11 45 9944
3.93999999999979 11 45 9944
3.94199999999979 11 45 9944
3.94399999999979 11 45 9944
3.94599999999979 11 45 9944
3.94799999999979 11 45 9944
3.94999999999979 11 45 9944
3.95199999999979 11 45 9944
3.95399999999979 11 45 9944
3.95599999999979 11 45 9944
3.95799999999979 11 45 9944
3.95999999999979 11 45 9944
3.96199999999979 11 45 9944
3.96399999999979 11 45 9944
3.96599999999978 11 45 9944
3.96799999999978 11 45 9944
3.96999999999978 11 45 9944
3.97199999999978 11 45 9944
3.97399999999978 11 45 9944
3.97599999999978 12 45 9943
3.97799999999978 12 45 9943
3.97999999999978 12 45 9943
3.98199999999978 12 45 9943
3.98399999999978 12 45 9943
3.98599999999978 12 45 9943
3.98799999999978 12 45 9943
3.98999999999978 11 46 9943
3.99199999999978 11 46 9943
3.99399999999978 11 46 9943
3.99599999999978 11 46 9943
3.99799999999978 11 46 9943
3.99999999999978 11 46 9943
4.00199999999978 11 46 9943
4.00399999999978 11 46 9943
4.00599999999978 11 46 9943
4.00799999999978 11 46 9943
4.00999999999978 11 46 9943
4.01199999999978 11 46 9943
4.01399999999978 11 46 9943
4.01599999999978 11 46 9943
4.01799999999978 11 46 9943
4.01999999999978 11 46 9943
4.02199999999978 11 46 9943
4.02399999999978 11 46 9943
4.02599999999978 11 46 9943
4.02799999999978 11 46 9943
4.02999999999978 11 46 9943
4.03199999999978 11 46 9943
4.03399999999978 11 46 9943
4.03599999999978 11 46 9943
4.03799999999978 11 46 9943
4.03999999999978 11 46 9943
4.04199999999978 11 46 9943
4.04399999999978 11 46 9943
4.04599999999978 11 46 9943
4.04799999999978 11 46 9943
4.04999999999978 11 46 9943
4.05199999999978 11 46 9943
4.05399999999978 11 46 9943
4.05599999999978 11 46 9943
4.05799999999978 11 46 9943
4.05999999999977 12 46 9942
4.06199999999977 12 46 9942
4.06399999999977 12 46 9942
4.06599999999977 12 46 9942
4.06799999999977 12 46 9942
4.06999999999977 12 46 9942
4.07199999999977 12 46 9942
4.07399999999977 12 46 9942
4.07599999999977 12 46 9942
4.07799999999977 12 46 9942
4.07999999999977 12 46 9942
4.08199999999977 12 46 9942
4.08399999999977 12 46 9942
4.08599999999977 12 46 9942
4.08799999999977 12 46 9942
4.08999999999977 12 46 9942
4.09199999999977 12 46 9942
4.09399999999977 12 46 9942
4.09599999999977 12 46 9942
4.09799999999977 12 46 9942
4.09999999999977 12 46 9942
4.10199999999977 12 46 9942
4.10399999999977 12 46 9942
4.10599999999977 12 46 9942
4.10799999999977 12 46 9942
4.10999999999977 12 46 9942
4.11199999999977 12 46 9942
4.11399999999977 12 46 9942
4.11599999999977 12 46 9942
4.11799999999977 12 46 9942
4.11999999999977 11 47 9942
4.12199999999977 11 47 9942
4.12399999999977 11 47 9942
4.12599999999977 11 47 9942
4.12799999999977 11 47 9942
4.12999999999977 11 47 9942
4.13199999999977 11 47 9942
4.13399999999977 11 47 9942
4.13599999999977 11 47 9942
4.13799999999977 11 47 9942
4.13999999999977 11 47 9942
4.14199999999977 11 47 9942
4.14399999999977 11 47 9942
4.14599999999977 11 47 9942
4.14799999999977 11 47 9942
4.14999999999976 10 48 9942
4.15199999999976 10 48 9942
4.15399999999976 10 48 9942
4.15599999999976 10 48 9942
4.15799999999976 10 48 9942
4.15999999999976 10 48 9942
4.16199999999976 10 48 9942
4.16399999999976 10 48 9942
4.16599999999976 10 48 9942
4.16799999999976 10 48 9942
4.16999999999976 10 48 9942
4.17199999999976 9 49 9942
4.17399999999976 9 49 9942
4.17599999999976 9 49 9942
4.17799999999976 9 49 9942
4.17999999999976 9 49 9942
4.18199999999976 9 49 9942
4.18399999999976 9 49 9942
4.18599999999976 9 49 9942
4.18799999999976 9 49 9942
4.18999999999976 9 49 9942
4.19199999999976 9 49 9942
4.19399999999976 9 49 9942
4.19599999999976 9 49 9942
4.19799999999976 9 49 9942
4.19999999999976 9 49 9942
4.20199999999976 9 49 9942
4.20399999999976 9 49 9942
4.20599999999976 9 49 9942
4.20799999999976 9 49 9942
4.20999999999976 9 49 9942
4.21199999999976 9 49 9942
4.21399999999976 9 49 9942
4.21599999999976 9 49 9942
4.21799999999976 9 49 9942
4.21999999999976 9 49 9942
4.22199999999976 10 49 9941
4.22399999999976 10 49 9941
4.22599999999976 10 49 9941
4.22799999999976 10 49 9941
4.22999999999976 10 49 9941
4.23199999999976 10 49 9941
4.23399999999976 10 49 9941
4.23599999999976 10 49 9941
4.23799999999976 10 49 9941
4.23999999999976 10 49 9941
4.24199999999975 10 49 9941
4.24399999999975 10 49 9941
4.24599999999975 10 49 9941
4.24799999999975 10 49 9941
4.24999999999975 10 49 9941
4.25199999999975 10 49 9941
4.25399999999975 10 49 9941
4.25599999999975 10 49 9941
4.25799999999975 10 49 9941
4.25999999999975 10 49 9941
4.26199999999975 10 49 9941
4.26399999999975 10 49 9941
4.26599999999975 10 49 9941
4.26799999999975 10 49 9941
4.26999999999975 10 49 9941
4.27199999999975 10 49 9941
4.27399999999975 10 49 9941
4.27599999999975 10 49 9941
4.27799999999975 10 49 9941
4.27999999999975 10 49 9941
4.28199999999975 10 49 9941
4.28399999999975 10 49 9941
4.28599999999975 9 50 9941
4.28799999999975 9 50 9941
4.28999999999975 9 50 9941
4.29199999999975 9 50 9941
4.29399999999975 8 51 9941
4.29599999999975 8 51 9941
4.29799999999975 8 51 9941
4.29999999999975 8 51 9941
4.30199999999975 8 51 9941
4.30399999999975 8 51 9941
4.30599999999975 8 51 9941
4.30799999999975 8 51 9941
4.30999999999975 8 51 9941
4.31199999999975 8 51 9941
4.31399999999975 8 51 9941
4.31599999999975 8 51 9941
4.31799999999975 8 51 9941
4.31999999999975 8 51 9941
4.32199999999975 8 51 9941
4.32399999999975 8 51 9941
4.32599999999975 8 51 9941
4.32799999999975 8 51 9941
4.32999999999975 8 51 9941
4.33199999999974 8 51 9941
4.33399999999974 8 51 9941
4.33599999999974 8 51 9941
4.33799999999974 8 51 9941
4.33999999999974 8 51 9941
4.34199999999974 8 51 9941
4.34399999999974 8 51 9941
4.34599999999974 8 51 9941
4.34799999999974 8 51 9941
4.34999999999974 8 51 9941
4.35199999999974 8 51 9941
4.35399999999974 8 51 9941
4.35599999999974 8 51 9941
4.35799999999974 8 51 9941
4.35999999999974 8 51 9941
4.36199999999974 8 51 9941
4.36399999999974 8 51 9941
4.36599999999974 8 51 9941
4.36799999999974 8 51 9941
4.36999999999974 8 51 9941
4.37199999999974 8 51 9941
4.37399999999974 8 51 9941
4.37599999999974 8 51 9941
4.37799999999974 8 51 9941
4.37999999999974 8 51 9941
4.38199999999974 8 51 9941
4.38399999999974 8 51 9941
4.38599999999974 8 51 9941
4.38799999999974 8 51 9941
4.38999999999974 8 51 9941
4.39199999999974 8 51 9941
4.39399999999974 8 51 9941
4.39599999999974 8 51 9941
4.39799999999974 8 51 9941
4.39999999999974 8 51 9941
4.40199999999974 8 51 9941
4.40399999999974 8 51 9941
4.40599999999974 8 51 9941
4.40799999999974 8 51 9941
4.40999999999974 8 51 9941
4.41199999999974 8 51 9941
4.41399999999974 8 51 9941
4.41599999999974 8 51 9941
4.41799999999974 8 51 9941
4.41999999999974 8 51 9941
4.42199999999974 8 51 9941
4.42399999999973 8 51 9941
4.42599999999973 8 51 9941
4.42799999999973 8 51 9941
4.42999999999973 8 51 9941
4.43199999999973 8 51 9941
4.43399999999973 8 51 9941
4.43599999999973 8 51 9941
4.43799999999973 8 51 9941
4.43999999999973 8 51 9941
4.44199999999973 8 51 9941
4.44399999999973 8 51 9941
4.44599999999973 8 51 9941
4.44799999999973 8 51 9941
4.44999999999973 8 51 9941
4.45199999999973 8 51 9941
4.45399999999973 8 51 9941
4.45599999999973 8 51 9941
4.45799999999973 8 51 9941
4.45999999999973 8 51 9941
4.46199999999973 8 51 9941
4.46399999999973 7 52 9941
4.46599999999973 7 52 9941
4.46799999999973 7 52 9941
4.46999999999973 7 52 9941
4.47199999999973 7 52 9941
4.47399999999973 7 52 9941
4.47599999999973 7 52 9941
4.47799999999973 7 52 9941
4.47999999999973 7 52 9941
4.48199999999973 7 52 9941
4.48399999999973 7 52 9941
4.48599999999973 7 52 9941
4.48799999999973 8 52 9940
4.48999999999973 8 52 9940
4.49199999999973 8 52 9940
4.49399999999973 8 52 9940
4.49599999999973 8 52 9940
4.49799999999973 8 52 9940
4.49999999999973 8 52 9940
4.50199999999973 8 52 9940
4.50399999999973 8 52 9940
4.50599999999973 8 52 9940
4.50799999999973 8 52 9940
4.50999999999973 8 52 9940
4.51199999999973 8 52 9940
4.51399999999972 8 52 9940
4.51599999999972 8 52 9940
4.51799999999972 8 52 9940
4.51999999999972 8 52 9940
4.52199999999972 8 52 9940
4.52399999999972 8 52 9940
4.52599999999972 8 52 9940
4.52799999999972 8 52 9940
4.52999999999972 8 52 9940
4.53199999999972 8 52 9940
4.53399999999972 8 52 9940
4.53599999999972 8 52 9940
4.53799999999972 8 52 9940
4.53999999999972 8 52 9940
4.54199999999972 8 52 9940
4.54399999999972 8 52 9940
4.54599999999972 8 52 9940
4.54799999999972 8 52 9940
4.54999999999972 8 52 9940
4.55199999999972 8 52 9940
4.55399999999972 8 52 9940
4.55599999999972 8 52 9940
4.55799999999972 8 52 9940
4.55999999999972 8 52 9940
4.56199999999972 8 52 9940
4.56399999999972 8 52 9940
4.56599999999972 8 52 9940
4.56799999999972 8 52 9940
4.56999999999972 8 52 9940
4.57199999999972 8 52 9940
4.57399999999972 8 52 9940
4.57599999999972 8 52 9940
4.57799999999972 8 52 9940
4.57999999999972 8 52 9940
4.58199999999972 8 52 9940
4.58399999999972 8 52 9940
4.58599999999972 8 52 9940
4.58799999999972 8 52 9940
4.58999999999972 8 52 9940
4.59199999999972 8 52 9940
4.59399999999972 8 52 9940
4.59599999999972 8 52 9940
4.59799999999972 8 52 9940
4.59999999999972 8 52 9940
4.60199999999972 8 52 9940
4.60399999999971 8 52 9940
4.60599999999971 8 52 9940
4.60799999999971 8 52 9940
4.60999999999971 8 52 9940
4.61199999999971 8 52 9940
4.61399999999971 8 52 9940
4.61599999999971 8 52 9940
4.61799999999971 8 52 9940
4.61999999999971 8 52 9940
4.62199999999971 8 52 9940
4.62399999999971 8 52 9940
4.62599999999971 8 52 9940
4.62799999999971 8 52 9940
4.62999999999971 8 52 9940
4.63199999999971 8 52 9940
4.63399999999971 8 52 9940
4.63599999999971 8 52 9940
4.63799999999971 8 52 9940
4.63999999999971 9 52 9939
4.64199999999971 9 52 9939
4.64399999999971 9 52 9939
4.64599999999971 9 52 9939
4.64799999999971 9 52 9939
4.64999999999971 9 52 9939
4.65199999999971 9 52 9939
4.65399999999971 9 52 9939
4.65599999999971 9 52 9939
4.65799999999971 9 52 9939
4.65999999999971 9 52 9939
4.66199999999971 9 52 9939
4.66399999999971 9 52 9939
4.66599999999971 9 52 9939
4.66799999999971 9 52 9939
4.66999999999971 9 52 9939
4.67199999999971 9 52 9939
4.67399999999971 9 52 9939
4.67599999999971 9 52 9939
4.67799999999971 9 52 9939
4.67999999999971 9 52 9939
4.68199999999971 9 52 9939
4.68399999999971 9 52 9939
4.68599999999971 9 52 9939
4.68799999999971 9 52 9939
4.68999999999971 9 52 9939
4.69199999999971 9 52 9939
4.69399999999971 9 52 9939
4.6959999999997 9 52 9939
4.6979999999997 9 52 9939
4.6999999999997 9 52 9939
4.7019999999997 9 52 9939
4.7039999999997 9 52 9939
4.7059999999997 9 52 9939
4.7079999999997 9 52 9939
4.7099999999997 9 52 9939
4.7119999999997 9 52 9939
4.7139999999997 9 52 9939
4.7159999999997 9 52 9939
4.7179999999997 9 52 9939
4.7199999999997 9 52 9939
4.7219999999997 9 52 9939
4.7239999999997 9 52 9939
4.7259999999997 9 52 9939
4.7279999999997 9 52 9939
4.7299999999997 9 52 9939
4.7319999999997 9 52 9939
4.7339999999997 9 52 9939
4.7359999999997 9 52 9939
4.7379999999997 9 52 9939
4.7399999999997 9 52 9939
4.7419999999997 9 52 9939
4.7439999999997 9 52 9939
4.7459999999997 9 52 9939
4.7479999999997 9 52 9939
4.7499999999997 9 52 9939
4.7519999999997 9 52 9939
4.7539999999997 9 52 9939
4.7559999999997 9 52 9939
4.7579999999997 9 52 9939
4.7599999999997 9 52 9939
4.7619999999997 9 52 9939
4.7639999999997 9 52 9939
4.7659999999997 9 52 9939
4.7679999999997 9 52 9939
4.7699999999997 9 52 9939
4.7719999999997 9 52 9939
4.7739999999997 9 52 9939
4.7759999999997 10 52 9938
4.7779999999997 10 52 9938
4.7799999999997 10 52 9938
4.7819999999997 10 52 9938
4.7839999999997 10 52 9938
4.78599999999969 10 52 9938
4.78799999999969 10 52 9938
4.78999999999969 10 52 9938
4.79199999999969 10 52 9938
4.79399999999969 10 52 9938
4.79599999999969 10 52 9938
4.79799999999969 10 52 9938
4.79999999999969 10 52 9938
4.80199999999969 10 52 9938
4.80399999999969 10 52 9938
4.80599999999969 10 52 9938
4.80799999999969 10 52 9938
4.80999999999969 10 52 9938
4.81199999999969 10 52 9938
4.81399999999969 10 52 9938
4.81599999999969 10 52 9938
4.81799999999969 10 52 9938
4.81999999999969 10 52 9938
4.82199999999969 10 52 9938
4.82399999999969 10 52 9938
4.82599999999969 10 52 9938
4.82799999999969 10 52 9938
4.82999999999969 10 52 9938
4.83199999999969 10 52 9938
4.83399999999969 10 52 9938
4.83599999999969 10 52 9938
4.83799999999969 10 52 9938
4.83999999999969 10 52 9938
4.84199999999969 10 52 9938
4.84399999999969 10 52 9938
4.84599999999969 10 52 9938
4.84799999999969 10 52 9938
4.84999999999969 10 52 9938
4.85199999999969 10 52 9938
4.85399999999969 10 52 9938
4.85599999999969 10 52 9938
4.85799999999969 9 53 9938
4.85999999999969 9 53 9938
4.86199999999969 9 53 9938
4.86399999999969 9 53 9938
4.86599999999969 9 53 9938
4.86799999999969 9 53 9938
4.86999999999969 9 53 9938
4.87199999999969 9 53 9938
4.87399999999969 9 53 9938
4.87599999999969 9 53 9938
4.87799999999968 9 53 9938
4.87999999999968 9 53 9938
4.88199999999968 9 53 9938
4.88399999999968 9 53 9938
4.88599999999968 9 53 9938
4.88799999999968 9 53 9938
4.88999999999968 9 53 9938
4.89199999999968 9 53 9938
4.89399999999968 9 53 9938
4.89599999999968 9 53 9938
4.89799999999968 9 53 9938
4.89999999999968 9 53 9938
4.90199999999968 9 54 9937
4.90399999999968 9 54 9937
4.90599999999968 9 54 9937
4.90799999999968 9 54 9937
4.90999999999968 9 54 9937
4.91199999999968 9 54 9937
4.91399999999968 9 54 9937
4.91599999999968 9 54 9937
4.91799999999968 9 54 9937
4.91999999999968 9 54 9937
4.92199999999968 9 54 9937
4.92399999999968 9 54 9937
4.92599999999968 8 55 9937
4.92799999999968 7 56 9937
4.92999999999968 7 56 9937
4.93199999999968 7 56 9937
4.93399999999968 7 56 9937
4.93599999999968 7 56 9937
4.93799999999968 7 56 9937
4.93999999999968 7 56 9937
4.94199999999968 7 56 9937
4.94399999999968 7 56 9937
4.94599999999968 7 56 9937
4.94799999999968 7 56 9937
4.94999999999968 7 56 9937
4.95199999999968 7 56 9937
4.95399999999968 7 56 9937
4.95599999999968 7 56 9937
4.95799999999968 7 56 9937
4.95999999999968 7 56 9937
4.96199999999968 7 56 9937
4.96399999999968 7 56 9937
4.96599999999968 7 56 9937
4.96799999999967 7 56 9937
4.96999999999967 7 56 9937
4.97199999999967 7 56 9937
4.97399999999967 7 56 9937
4.97599999999967 7 56 9937
4.97799999999967 6 57 9937
4.97999999999967 6 57 9937
4.98199999999967 6 57 9937
4.98399999999967 6 57 9937
4.98599999999967 6 57 9937
4.98799999999967 6 57 9937
4.98999999999967 6 57 9937
4.99199999999967 6 57 9937
4.99399999999967 6 57 9937
4.99599999999967 6 57 9937
4.99799999999967 6 57 9937
4.99999999999967 6 57 9937
5.00199999999967 6 57 9937
5.00399999999967 6 57 9937
5.00599999999967 6 57 9937
5.00799999999967 6 57 9937
5.00999999999967 6 57 9937
5.01199999999967 6 57 9937
5.01399999999967 6 57 9937
5.01599999999967 6 57 9937
5.01799999999967 6 57 9937
5.01999999999967 6 57 9937
5.02199999999967 6 57 9937
5.02399999999967 6 57 9937
5.02599999999967 6 57 9937
5.02799999999967 6 57 9937
5.02999999999967 6 57 9937
5.03199999999967 7 57 9936
5.03399999999967 7 57 9936
5.03599999999967 7 57 9936
5.03799999999967 7 57 9936
5.03999999999967 7 57 9936
5.04199999999967 7 57 9936
5.04399999999967 7 57 9936
5.04599999999967 7 57 9936
5.04799999999967 7 57 9936
5.04999999999967 7 57 9936
5.05199999999967 7 57 9936
5.05399999999967 7 57 9936
5.05599999999967 7 57 9936
5.05799999999966 7 57 9936
5.05999999999966 7 57 9936
5.06199999999966 6 58 9936
5.06399999999966 6 58 9936
5.06599999999966 6 58 9936
5.06799999999966 6 58 9936
5.06999999999966 6 58 9936
5.07199999999966 6 58 9936
5.07399999999966 6 58 9936
5.07599999999966 6 58 9936
5.07799999999966 6 58 9936
5.07999999999966 6 58 9936
5.08199999999966 6 58 9936
5.08399999999966 6 58 9936
5.08599999999966 6 58 9936
5.08799999999966 6 58 9936
5.08999999999966 6 58 9936
5.09199999999966 6 58 9936
5.09399999999966 6 58 9936
5.09599999999966 6 58 9936
5.09799999999966 6 58 9936
5.09999999999966 6 58 9936
5.10199999999966 6 58 9936
5.10399999999966 6 58 9936
5.10599999999966 6 58 9936
5.10799999999966 6 58 9936
5.10999999999966 6 58 9936
5.11199999999966 6 58 9936
5.11399999999966 6 58 9936
5.11599999999966 6 58 9936
5.11799999999966 6 58 9936
5.11999999999966 6 58 9936
5.12199999999966 6 58 9936
5.12399999999966 6 58 9936
5.12599999999966 6 58 9936
5.12799999999966 6 58 9936
5.12999999999966 6 58 9936
5.13199999999966 6 58 9936
5.13399999999966 6 58 9936
5.13599999999966 6 58 9936
5.13799999999966 6 58 9936
5.13999999999966 6 58 9936
5.14199999999966 6 58 9936
5.14399999999966 7 58 9935
5.14599999999966 7 58 9935
5.14799999999966 7 58 9935
5.14999999999965 7 58 9935
5.15199999999965 7 58 9935
5.15399999999965 7 58 9935
5.15599999999965 7 58 9935
5.15799999999965 7 58 9935
5.15999999999965 7 58 9935
5.16199999999965 7 58 9935
5.16399999999965 7 58 9935
5.16599999999965 7 58 9935
5.16799999999965 7 58 9935
5.16999999999965 7 58 9935
5.17199999999965 7 58 9935
5.17399999999965 7 58 9935
5.17599999999965 7 58 9935
5.17799999999965 7 58 9935
5.17999999999965 7 58 9935
5.18199999999965 7 58 9935
5.18399999999965 7 58 9935
5.18599999999965 7 58 9935
5.18799999999965 7 58 9935
5.18999999999965 7 58 9935
5.19199999999965 7 58 9935
5.19399999999965 7 58 9935
5.19599999999965 7 58 9935
5.19799999999965 7 58 9935
5.19999999999965 7 58 9935
5.20199999999965 7 58 9935
5.20399999999965 7 58 9935
5.20599999999965 7 58 9935
5.20799999999965 7 58 9935
5.20999999999965 7 58 9935
5.21199999999965 7 58 9935
5.21399999999965 7 58 9935
5.21599999999965 7 58 9935
5.21799999999965 7 58 9935
5.21999999999965 7 58 9935
5.22199999999965 7 58 9935
5.22399999999965 6 59 9935
5.22599999999965 6 59 9935
5.22799999999965 6 59 9935
5.22999999999965 6 59 9935
5.23199999999965 6 59 9935
5.23399999999965 6 59 9935
5.23599999999965 6 59 9935
5.23799999999965 6 59 9935
5.23999999999964 6 59 9935
5.24199999999964 6 59 9935
5.24399999999964 6 59 9935
5.24599999999964 6 59 9935
5.24799999999964 6 59 9935
5.24999999999964 6 59 9935
5.25199999999964 6 59 9935
5.25399999999964 6 59 9935
5.25599999999964 6 59 9935
5.25799999999964 6 59 9935
5.25999999999964 6 59 9935
5.26199999999964 6 59 9935
5.26399999999964 6 59 9935
5.26599999999964 6 59 9935
5.26799999999964 6 59 9935
5.26999999999964 6 59 9935
5.27199999999964 6 59 9935
5.27399999999964 6 59 9935
5.27599999999964 6 59 9935
5.27799999999964 6 59 9935
5.27999999999964 6 59 9935
5.28199999999964 6 59 9935
5.28399999999964 6 59 9935
5.28599999999964 6 59 9935
5.28799999999964 6 59 9935
5.28999999999964 6 59 9935
5.29199999999964 6 59 9935
5.29399999999964 6 59 9935
5.29599999999964 6 59 9935
5.29799999999964 6 59 9935
5.29999999999964 6 59 9935
5.30199999999964 6 59 9935
5.30399999999964 6 59 9935
5.30599999999964 6 59 9935
5.30799999999964 6 59 9935
5.30999999999964 6 59 9935
5.31199999999964 6 59 9935
5.31399999999964 6 59 9935
5.31599999999964 6 59 9935
5.31799999999964 6 59 9935
5.31999999999964 6 59 9935
5.32199999999964 6 59 9935
5.32399999999964 6 59 9935
5.32599999999964 6 59 9935
5.32799999999964 6 59 9935
5.32999999999964 6 59 9935
5.33199999999963 6 59 9935
5.33399999999963 6 59 9935
5.33599999999963 6 59 9935
5.33799999999963 6 59 9935
5.33999999999963 6 59 9935
5.34199999999963 6 59 9935
5.34399999999963 6 59 9935
5.34599999999963 6 59 9935
5.34799999999963 6 59 9935
5.34999999999963 6 59 9935
5.35199999999963 6 59 9935
5.35399999999963 6 59 9935
5.35599999999963 6 59 9935
5.35799999999963 6 59 9935
5.35999999999963 6 59 9935
5.36199999999963 6 59 9935
5.36399999999963 6 59 9935
5.36599999999963 6 59 9935
5.36799999999963 6 59 9935
5.36999999999963 6 59 9935
5.37199999999963 6 59 9935
5.37399999999963 6 59 9935
5.37599999999963 6 59 9935
5.37799999999963 6 59 9935
5.37999999999963 6 59 9935
5.38199999999963 6 59 9935
5.38399999999963 6 59 9935
5.38599999999963 6 59 9935
5.38799999999963 6 59 9935
5.38999999999963 6 59 9935
5.39199999999963 6 59 9935
5.39399999999963 6 59 9935
5.39599999999963 6 59 9935
5.39799999999963 6 59 9935
5.39999999999963 6 59 9935
5.40199999999963 6 59 9935
5.40399999999963 6 59 9935
5.40599999999963 6 59 9935
5.40799999999963 6 59 9935
5.40999999999963 6 59 9935
5.41199999999963 6 59 9935
5.41399999999963 6 59 9935
5.41599999999963 6 59 9935
5.41799999999963 6 59 9935
5.41999999999963 6 59 9935
5.42199999999962 6 59 9935
5.42399999999962 6 59 9935
5.42599999999962 6 59 9935
5.42799999999962 6 59 9935
5.42999999999962 6 59 9935
5.43199999999962 6 59 9935
5.43399999999962 6 59 9935
5.43599999999962 6 59 9935
5.43799999999962 6 59 9935
5.43999999999962 6 59 9935
5.44199999999962 6 59 9935
5.44399999999962 6 59 9935
5.44599999999962 7 59 9934
5.44799999999962 7 59 9934
5.44999999999962 7 59 9934
5.45199999999962 7 59 9934
5.45399999999962 7 59 9934
5.45599999999962 7 59 9934
5.45799999999962 7 59 9934
5.45999999999962 7 59 9934
5.46199999999962 7 59 9934
5.46399999999962 7 59 9934
5.46599999999962 7 59 9934
5.46799999999962 7 59 9934
5.46999999999962 7 59 9934
5.47199999999962 7 59 9934
5.47399999999962 7 59 9934
5.47599999999962 7 59 9934
5.47799999999962 7 59 9934
5.47999999999962 7 59 9934
5.48199999999962 7 59 9934
5.48399999999962 7 59 9934
5.48599999999962 7 59 9934
5.48799999999962 7 59 9934
5.48999999999962 6 60 9934
5.49199999999962 6 60 9934
5.49399999999962 6 60 9934
5.49599999999962 6 60 9934
5.49799999999962 6 60 9934
5.49999999999962 6 60 9934
5.50199999999962 6 60 9934
5.50399999999962 6 60 9934
5.50599999999962 6 60 9934
5.50799999999962 6 60 9934
5.50999999999962 6 60 9934
5.51199999999961 6 60 9934
5.51399999999961 6 60 9934
5.51599999999961 6 60 9934
5.51799999999961 6 60 9934
5.51999999999961 6 60 9934
5.52199999999961 6 60 9934
5.52399999999961 6 60 9934
5.52599999999961 6 60 9934
5.52799999999961 6 60 9934
5.52999999999961 6 60 9934
5.53199999999961 6 60 9934
5.53399999999961 6 60 9934
5.53599999999961 6 60 9934
5.53799999999961 6 60 9934
5.53999999999961 6 60 9934
5.54199999999961 6 60 9934
5.54399999999961 6 60 9934
5.54599999999961 6 60 9934
5.54799999999961 6 60 9934
5.54999999999961 6 60 9934
5.55199999999961 6 60 9934
5.55399999999961 6 60 9934
5.55599999999961 6 60 9934
5.55799999999961 6 60 9934
5.55999999999961 6 60 9934
5.56199999999961 6 60 9934
5.56399999999961 6 60 9934
5.56599999999961 6 60 9934
5.56799999999961 6 60 9934
5.56999999999961 6 60 9934
5.57199999999961 6 60 9934
5.57399999999961 6 60 9934
5.57599999999961 6 60 9934
5.57799999999961 6 60 9934
5.57999999999961 6 60 9934
5.58199999999961 6 60 9934
5.58399999999961 6 60 9934
5.58599999999961 6 60 9934
5.58799999999961 6 60 9934
5.58999999999961 6 60 9934
5.59199999999961 6 60 9934
5.59399999999961 6 60 9934
5.59599999999961 6 60 9934
5.59799999999961 6 60 9934
5.59999999999961 6 60 9934
5.60199999999961 6 60 9934
5.6039999999996 6 60 9934
5.6059999999996 6 60 9934
5.6079999999996 6 60 9934
5.6099999999996 6 60 9934
5.6119999999996 6 60 9934
5.6139999999996 6 60 9934
5.6159999999996 6 60 9934
5.6179999999996 6 60 9934
5.6199999999996 6 60 9934
5.6219999999996 6 60 9934
5.6239999999996 6 60 9934
5.6259999999996 6 60 9934
5.6279999999996 6 60 9934
5.6299999999996 6 60 9934
5.6319999999996 6 60 9934
5.6339999999996 6 60 9934
5.6359999999996 6 60 9934
5.6379999999996 6 60 9934
5.6399999999996 6 60 9934
5.6419999999996 5 61 9934
5.6439999999996 5 61 9934
5.6459999999996 5 61 9934
5.6479999999996 5 61 9934
5.6499999999996 5 61 9934
5.6519999999996 5 61 9934
5.6539999999996 5 61 9934
5.6559999999996 5 61 9934
5.6579999999996 5 61 9934
5.6599999999996 5 61 9934
5.6619999999996 5 61 9934
5.6639999999996 5 61 9934
5.6659999999996 5 61 9934
5.6679999999996 5 61 9934
5.6699999999996 5 61 9934
5.6719999999996 5 61 9934
5.6739999999996 5 61 9934
5.6759999999996 5 61 9934
5.6779999999996 5 61 9934
5.6799999999996 5 61 9934
5.6819999999996 5 61 9934
5.6839999999996 5 61 9934
5.6859999999996 5 61 9934
5.6879999999996 5 61 9934
5.6899999999996 5 61 9934
5.6919999999996 5 61 9934
5.69399999999959 5 61 9934
5.69599999999959 5 61 9934
5.69799999999959 5 61 9934
5.69999999999959 5 61 9934
5.70199999999959 5 61 9934
5.70399999999959 5 61 9934
5.70599999999959 5 61 9934
5.70799999999959 5 61 9934
5.70999999999959 5 61 9934
5.71199999999959 5 61 9934
5.71399999999959 5 61 9934
5.71599999999959 5 61 9934
5.71799999999959 5 61 9934
5.71999999999959 5 61 9934
5.72199999999959 5 61 9934
5.72399999999959 5 61 9934
5.72599999999959 5 61 9934
5.72799999999959 5 61 9934
5.72999999999959 5 61 9934
5.73199999999959 5 61 9934
5.73399999999959 5 61 9934
5.73599999999959 5 61 9934
5.73799999999959 5 61 9934
5.73999999999959 5 61 9934
5.74199999999959 5 61 9934
5.74399999999959 5 61 9934
5.74599999999959 5 61 9934
5.74799999999959 5 61 9934
5.74999999999959 5 61 9934
5.75199999999959 5 61 9934
5.75399999999959 5 61 9934
5.75599999999959 5 61 9934
5.75799999999959 5 61 9934
5.75999999999959 5 61 9934
5.76199999999959 5 61 9934
5.76399999999959 5 61 9934
5.76599999999959 5 61 9934
5.76799999999959 5 61 9934
5.76999999999959 5 61 9934
5.77199999999959 5 61 9934
5.77399999999959 5 61 9934
5.77599999999959 5 61 9934
5.77799999999959 4 62 9934
5.77999999999959 4 62 9934
5.78199999999959 4 62 9934
5.78399999999959 4 62 9934
5.78599999999958 4 62 9934
5.78799999999958 4 62 9934
5.78999999999958 4 62 9934
5.79199999999958 4 62 9934
5.79399999999958 4 62 9934
5.79599999999958 4 62 9934
5.79799999999958 4 62 9934
5.79999999999958 4 62 9934
5.80199999999958 4 62 9934
5.80399999999958 4 62 9934
5.80599999999958 4 62 9934
5.80799999999958 4 62 9934
5.80999999999958 4 62 9934
5.81199999999958 4 62 9934
5.81399999999958 4 62 9934
5.81599999999958 4 62 9934
5.81799999999958 4 62 9934
5.81999999999958 4 62 9934
5.82199999999958 4 62 9934
5.82399999999958 4 62 9934
5.82599999999958 4 62 9934
5.82799999999958 4 62 9934
5.82999999999958 4 62 9934
5.83199999999958 4 62 9934
5.83399999999958 4 62 9934
5.83599999999958 4 62 9934
5.83799999999958 4 62 9934
5.83999999999958 4 62 9934
5.84199999999958 4 62 9934
5.84399999999958 4 62 9934
5.84599999999958 4 62 9934
5.84799999999958 4 62 9934
5.84999999999958 4 62 9934
5.85199999999958 4 62 9934
5.85399999999958 4 62 9934
5.85599999999958 4 62 9934
5.85799999999958 4 62 9934
5.85999999999958 4 62 9934
5.86199999999958 4 62 9934
5.86399999999958 4 62 9934
5.86599999999958 4 62 9934
5.86799999999958 4 62 9934
5.86999999999958 4 62 9934
5.87199999999958 4 62 9934
5.87399999999958 4 62 9934
5.87599999999957 4 62 9934
5.87799999999957 4 62 9934
5.87999999999957 4 62 9934
5.88199999999957 4 62 9934
5.88399999999957 4 62 9934
5.88599999999957 4 62 9934
5.88799999999957 4 62 9934
5.88999999999957 4 62 9934
5.89199999999957 4 62 9934
5.89399999999957 4 62 9934
5.89599999999957 4 62 9934
5.89799999999957 4 62 9934
5.89999999999957 4 62 9934
5.90199999999957 4 62 9934
5.90399999999957 3 63 9934
5.90599999999957 3 63 9934
5.90799999999957 3 63 9934
5.90999999999957 3 63 9934
5.91199999999957 3 63 9934
5.91399999999957 4 63 9933
5.91599999999957 4 63 9933
5.91799999999957 4 63 9933
5.91999999999957 4 63 9933
5.92199999999957 4 63 9933
5.92399999999957 4 63 9933
5.92599999999957 4 63 9933
5.92799999999957 4 63 9933
5.92999999999957 4 63 9933
5.93199999999957 4 63 9933
5.93399999999957 4 63 9933
5.93599999999957 4 63 9933
5.93799999999957 4 63 9933
5.93999999999957 4 63 9933
5.94199999999957 4 63 9933
5.94399999999957 4 63 9933
5.94599999999957 4 63 9933
5.94799999999957 4 63 9933
5.94999999999957 4 63 9933
5.95199999999957 4 63 9933
5.95399999999957 4 63 9933
5.95599999999957 4 63 9933
5.95799999999957 4 63 9933
5.95999999999957 4 63 9933
5.96199999999957 4 63 9933
5.96399999999957 4 63 9933
5.96599999999956 4 63 9933
5.96799999999956 4 63 9933
5.96999999999956 4 63 9933
5.97199999999956 4 63 9933
5.97399999999956 4 63 9933
5.97599999999956 4 63 9933
5.97799999999956 4 63 9933
5.97999999999956 4 63 9933
5.98199999999956 4 63 9933
5.98399999999956 4 63 9933
5.98599999999956 4 63 9933
5.98799999999956 4 63 9933
5.98999999999956 4 63 9933
5.99199999999956 4 63 9933
5.99399999999956 4 63 9933
5.99599999999956 4 63 9933
5.99799999999956 4 63 9933
5.99999999999956 4 63 9933
6.00199999999956 4 63 9933
6.00399999999956 4 63 9933
6.00599999999956 4 63 9933
6.00799999999956 4 63 9933
6.00999999999956 4 63 9933
6.01199999999956 4 63 9933
6.01399999999956 4 63 9933
6.01599999999956 4 63 9933
6.01799999999956 4 63 9933
6.01999999999956 4 63 9933
6.02199999999956 4 63 9933
6.02399999999956 4 63 9933
6.02599999999956 4 63 9933
6.02799999999956 4 63 9933
6.02999999999956 4 63 9933
6.03199999999956 4 63 9933
6.03399999999956 3 64 9933
6.03599999999956 3 64 9933
6.03799999999956 3 64 9933
6.03999999999956 3 64 9933
6.04199999999956 3 64 9933
6.04399999999956 3 64 9933
6.04599999999956 3 64 9933
6.04799999999956 3 64 9933
6.04999999999956 3 64 9933
6.05199999999956 3 64 9933
6.05399999999956 3 64 9933
6.05599999999956 3 64 9933
6.05799999999955 3 64 9933
6.05999999999955 3 64 9933
6.06199999999955 3 64 9933
6.06399999999955 3 64 9933
6.06599999999955 3 64 9933
6.06799999999955 3 64 9933
6.06999999999955 3 64 9933
6.07199999999955 3 64 9933
6.07399999999955 3 64 9933
6.07599999999955 3 64 9933
6.07799999999955 3 64 9933
6.07999999999955 3 64 9933
6.08199999999955 3 64 9933
6.08399999999955 3 64 9933
6.08599999999955 3 64 9933
6.08799999999955 3 64 9933
6.08999999999955 3 64 9933
6.09199999999955 3 64 9933
6.09399999999955 3 64 9933
6.09599999999955 3 64 9933
6.09799999999955 3 64 9933
6.09999999999955 3 64 9933
6.10199999999955 3 64 9933
6.10399999999955 3 64 9933
6.10599999999955 3 64 9933
6.10799999999955 3 64 9933
6.10999999999955 3 64 9933
6.11199999999955 3 64 9933
6.11399999999955 3 64 9933
6.11599999999955 3 64 9933
6.11799999999955 3 64 9933
6.11999999999955 3 64 9933
6.12199999999955 3 64 9933
6.12399999999955 3 64 9933
6.12599999999955 3 64 9933
6.12799999999955 3 64 9933
6.12999999999955 3 64 9933
6.13199999999955 3 64 9933
6.13399999999955 3 64 9933
6.13599999999955 3 64 9933
6.13799999999955 3 64 9933
6.13999999999955 3 64 9933
6.14199999999955 3 64 9933
6.14399999999955 3 64 9933
6.14599999999955 2 65 9933
6.14799999999954 2 65 9933
6.14999999999954 2 65 9933
6.15199999999954 2 65 9933
6.15399999999954 2 65 9933
6.15599999999954 2 65 9933
6.15799999999954 2 65 9933
6.15999999999954 2 65 9933
6.16199999999954 2 65 9933
6.16399999999954 2 65 9933
6.16599999999954 2 65 9933
6.16799999999954 2 65 9933
6.16999999999954 2 65 9933
6.17199999999954 2 65 9933
6.17399999999954 2 65 9933
6.17599999999954 2 65 9933
6.17799999999954 2 65 9933
6.17999999999954 2 65 9933
6.18199999999954 2 65 9933
6.18399999999954 2 65 9933
6.18599999999954 2 65 9933
6.18799999999954 2 65 9933
6.18999999999954 2 65 9933
6.19199999999954 2 65 9933
6.19399999999954 2 65 9933
6.19599999999954 2 65 9933
6.19799999999954 2 65 9933
6.19999999999954 2 65 9933
6.20199999999954 2 65 9933
6.20399999999954 2 65 9933
6.20599999999954 2 65 9933
6.20799999999954 2 65 9933
6.20999999999954 2 65 9933
6.21199999999954 2 65 9933
6.21399999999954 2 65 9933
6.21599999999954 2 65 9933
6.21799999999954 2 65 9933
6.21999999999954 2 65 9933
6.22199999999954 2 65 9933
6.22399999999954 2 65 9933
6.22599999999954 2 65 9933
6.22799999999954 2 65 9933
6.22999999999954 2 65 9933
6.23199999999954 2 65 9933
6.23399999999954 2 65 9933
6.23599999999954 2 65 9933
6.23799999999954 2 65 9933
6.23999999999953 2 65 9933
6.24199999999953 2 65 9933
6.24399999999953 2 65 9933
6.24599999999953 2 65 9933
6.24799999999953 2 65 9933
6.24999999999953 2 65 9933
6.25199999999953 2 65 9933
6.25399999999953 2 65 9933
6.25599999999953 2 65 9933
6.25799999999953 2 65 9933
6.25999999999953 2 65 9933
6.26199999999953 2 65 9933
6.26399999999953 2 65 9933
6.26599999999953 2 65 9933
6.26799999999953 2 65 9933
6.26999999999953 2 65 9933
6.27199999999953 2 65 9933
6.27399999999953 2 65 9933
6.27599999999953 2 65 9933
6.27799999999953 2 65 9933
6.27999999999953 2 65 9933
6.28199999999953 2 65 9933
6.28399999999953 2 65 9933
6.28599999999953 2 65 9933
6.28799999999953 2 65 9933
6.28999999999953 2 65 9933
6.29199999999953 2 65 9933
6.29399999999953 2 65 9933
6.29599999999953 2 65 9933
6.29799999999953 2 65 9933
6.29999999999953 2 65 9933
6.30199999999953 2 65 9933
6.30399999999953 2 65 9933
6.30599999999953 2 65 9933
6.30799999999953 2 65 9933
6.30999999999953 2 65 9933
6.31199999999953 2 65 9933
6.31399999999953 2 65 9933
6.31599999999953 2 65 9933
6.31799999999953 2 65 9933
6.31999999999953 2 65 9933
6.32199999999953 2 65 9933
6.32399999999953 2 65 9933
6.32599999999953 2 65 9933
6.32799999999953 2 65 9933
6.32999999999952 2 65 9933
6.33199999999952 2 65 9933
6.33399999999952 2 65 9933
6.33599999999952 2 65 9933
6.33799999999952 2 65 9933
6.33999999999952 2 65 9933
6.34199999999952 2 65 9933
6.34399999999952 2 65 9933
6.34599999999952 2 65 9933
6.34799999999952 2 65 9933
6.34999999999952 2 65 9933
6.35199999999952 2 65 9933
6.35399999999952 2 65 9933
6.35599999999952 2 65 9933
6.35799999999952 2 65 9933
6.35999999999952 2 65 9933
6.36199999999952 2 65 9933
6.36399999999952 2 65 9933
6.36599999999952 2 65 9933
6.36799999999952 2 65 9933
6.36999999999952 2 65 9933
6.37199999999952 2 65 9933
6.37399999999952 2 65 9933
6.37599999999952 2 65 9933
6.37799999999952 2 65 9933
6.37999999999952 2 65 9933
6.38199999999952 2 65 9933
6.38399999999952 2 65 9933
6.38599999999952 2 65 9933
6.38799999999952 2 65 9933
6.38999999999952 2 65 9933
6.39199999999952 2 65 9933
6.39399999999952 2 65 9933
6.39599999999952 2 65 9933
6.39799999999952 2 65 9933
6.39999999999952 2 65 9933
6.40199999999952 2 65 9933
6.40399999999952 2 65 9933
6.40599999999952 2 65 9933
6.40799999999952 2 65 9933
6.40999999999952 2 65 9933
6.41199999999952 2 65 9933
6.41399999999952 2 65 9933
6.41599999999952 2 65 9933
6.41799999999952 2 65 9933
6.41999999999951 2 65 9933
6.42199999999951 2 65 9933
6.42399999999951 2 65 9933
6.42599999999951 2 65 9933
6.42799999999951 2 65 9933
6.42999999999951 2 65 9933
6.43199999999951 2 65 9933
6.43399999999951 2 65 9933
6.43599999999951 2 65 9933
6.43799999999951 2 65 9933
6.43999999999951 2 65 9933
6.44199999999951 2 65 9933
6.44399999999951 2 65 9933
6.44599999999951 2 65 9933
6.44799999999951 1 66 9933
6.44999999999951 1 66 9933
6.45199999999951 1 66 9933
6.45399999999951 1 66 9933
6.45599999999951 1 66 9933
6.45799999999951 1 66 9933
6.45999999999951 1 66 9933
6.46199999999951 1 66 9933
6.46399999999951 1 66 9933
6.46599999999951 1 66 9933
6.46799999999951 1 66 9933
6.46999999999951 1 66 9933
6.47199999999951 1 66 9933
6.47399999999951 1 66 9933
6.47599999999951 1 66 9933
6.47799999999951 1 66 9933
6.47999999999951 1 66 9933
6.48199999999951 1 66 9933
6.48399999999951 1 66 9933
6.48599999999951 1 66 9933
6.48799999999951 1 66 9933
6.48999999999951 1 66 9933
6.49199999999951 1 66 9933
6.49399999999951 1 66 9933
6.49599999999951 1 66 9933
6.49799999999951 1 66 9933
6.49999999999951 1 66 9933
6.50199999999951 1 66 9933
6.50399999999951 1 66 9933
6.50599999999951 1 66 9933
6.50799999999951 1 66 9933
6.50999999999951 1 66 9933
6.5119999999995 1 66 9933
6.5139999999995 1 66 9933
6.5159999999995 1 66 9933
6.5179999999995 1 66 9933
6.5199999999995 1 66 9933
6.5219999999995 1 66 9933
6.5239999999995 1 66 9933
6.5259999999995 1 66 9933
6.5279999999995 1 66 9933
6.5299999999995 1 66 9933
6.5319999999995 1 66 9933
6.5339999999995 1 66 9933
6.5359999999995 1 66 9933
6.5379999999995 1 66 9933
6.5399999999995 1 66 9933
6.5419999999995 1 66 9933
6.5439999999995 1 66 9933
6.5459999999995 1 66 9933
6.5479999999995 1 66 9933
6.5499999999995 1 66 9933
6.5519999999995 1 66 9933
6.5539999999995 1 66 9933
6.5559999999995 1 66 9933
6.5579999999995 1 66 9933
6.5599999999995 1 66 9933
6.5619999999995 1 66 9933
6.5639999999995 1 66 9933
6.5659999999995 1 66 9933
6.5679999999995 1 66 9933
6.5699999999995 1 66 9933
6.5719999999995 1 66 9933
6.5739999999995 1 66 9933
6.5759999999995 1 66 9933
6.5779999999995 1 66 9933
6.5799999999995 1 66 9933
6.5819999999995 1 66 9933
6.5839999999995 1 66 9933
6.5859999999995 1 66 9933
6.5879999999995 1 66 9933
6.5899999999995 1 66 9933
6.5919999999995 1 66 9933
6.5939999999995 1 66 9933
6.5959999999995 1 66 9933
6.5979999999995 1 66 9933
6.5999999999995 1 66 9933
6.60199999999949 1 66 9933
6.60399999999949 1 66 9933
6.60599999999949 1 66 9933
6.60799999999949 1 66 9933
6.60999999999949 1 66 9933
6.61199999999949 1 66 9933
6.61399999999949 1 66 9933
6.61599999999949 1 66 9933
6.61799999999949 1 66 9933
6.61999999999949 1 66 9933
6.62199999999949 1 66 9933
6.62399999999949 1 66 9933
6.62599999999949 1 66 9933
6.62799999999949 1 66 9933
6.62999999999949 1 66 9933
6.63199999999949 1 66 9933
6.63399999999949 1 66 9933
6.63599999999949 1 66 9933
6.63799999999949 1 66 9933
6.63999999999949 1 66 9933
6.64199999999949 1 66 9933
6.64399999999949 1 66 9933
6.64599999999949 1 66 9933
6.64799999999949 1 66 9933
6.64999999999949 1 66 9933
6.65199999999949 1 66 9933
6.65399999999949 1 66 9933
6.65599999999949 1 66 9933
6.65799999999949 1 66 9933
6.65999999999949 1 66 9933
6.66199999999949 1 66 9933
6.66399999999949 1 66 9933
6.66599999999949 1 66 9933
6.66799999999949 1 66 9933
6.66999999999949 1 66 9933
6.67199999999949 1 66 9933
6.67399999999949 1 66 9933
6.67599999999949 1 66 9933
6.67799999999949 1 66 9933
6.67999999999949 1 66 9933
6.68199999999949 1 66 9933
6.68399999999949 1 66 9933
6.68599999999949 1 66 9933
6.68799999999949 1 66 9933
6.68999999999949 1 66 9933
6.69199999999949 1 66 9933
6.69399999999948 1 66 9933
6.69599999999948 1 66 9933
6.69799999999948 1 66 9933
6.69999999999948 1 66 9933
6.70199999999948 1 66 9933
6.70399999999948 1 66 9933
6.70599999999948 1 66 9933
6.70799999999948 1 66 9933
6.70999999999948 1 66 9933
6.71199999999948 1 66 9933
6.71399999999948 1 66 9933
6.71599999999948 1 66 9933
6.71799999999948 1 66 9933
6.71999999999948 1 66 9933
6.72199999999948 1 66 9933
6.72399999999948 1 66 9933
6.72599999999948 1 66 9933
6.72799999999948 1 66 9933
6.72999999999948 1 66 9933
6.73199999999948 1 66 9933
6.73399999999948 1 66 9933
6.73599999999948 1 66 9933
6.73799999999948 1 66 9933
6.73999999999948 1 66 9933
6.74199999999948 1 66 9933
6.74399999999948 1 66 9933
6.74599999999948 1 66 9933
6.74799999999948 1 66 9933
6.74999999999948 1 66 9933
6.75199999999948 1 66 9933
6.75399999999948 1 66 9933
6.75599999999948 1 66 9933
6.75799999999948 1 66 9933
6.75999999999948 1 66 9933
6.76199999999948 1 66 9933
6.76399999999948 1 66 9933
6.76599999999948 1 66 9933
6.76799999999948 1 66 9933
6.76999999999948 1 66 9933
6.77199999999948 1 66 9933
6.77399999999948 1 66 9933
6.77599999999948 1 66 9933
6.77799999999948 1 66 9933
6.77999999999948 1 66 9933
6.78199999999948 1 66 9933
6.78399999999947 1 66 9933
6.78599999999947 1 66 9933
6.78799999999947 1 66 9933
6.78999999999947 1 66 9933
6.79199999999947 1 66 9933
6.79399999999947 1 66 9933
6.79599999999947 1 66 9933
6.79799999999947 1 66 9933
6.79999999999947 1 66 9933
6.80199999999947 1 66 9933
6.80399999999947 1 66 9933
6.80599999999947 1 66 9933
6.80799999999947 1 66 9933
6.80999999999947 1 66 9933
6.81199999999947 1 66 9933
6.81399999999947 1 66 9933
6.81599999999947 1 66 9933
6.81799999999947 1 66 9933
6.81999999999947 1 66 9933
6.82199999999947 1 66 9933
6.82399999999947 1 66 9933
6.82599999999947 1 66 9933
6.82799999999947 1 66 9933
6.82999999999947 1 66 9933
6.83199999999947 1 66 9933
6.83399999999947 1 66 9933
6.83599999999947 1 66 9933
6.83799999999947 1 66 9933
6.83999999999947 1 66 9933
6.84199999999947 1 66 9933
6.84399999999947 1 66 9933
6.84599999999947 1 66 9933
6.84799999999947 1 66 9933
6.84999999999947 1 66 9933
6.85199999999947 1 66 9933
6.85399999999947 1 66 9933
6.85599999999947 1 66 9933
6.85799999999947 1 66 9933
6.85999999999947 1 66 9933
6.86199999999947 1 66 9933
6.86399999999947 1 66 9933
6.86599999999947 1 66 9933
6.86799999999947 1 66 9933
6.86999999999947 1 66 9933
6.87199999999947 1 66 9933
6.87399999999946 1 66 9933
6.87599999999946 1 66 9933
6.87799999999946 1 66 9933
6.87999999999946 1 66 9933
6.88199999999946 1 66 9933
6.88399999999946 1 66 9933
6.88599999999946 1 66 9933
6.88799999999946 1 66 9933
6.88999999999946 1 66 9933
6.89199999999946 1 66 9933
6.89399999999946 1 66 9933
6.89599999999946 1 66 9933
6.89799999999946 1 66 9933
6.89999999999946 2 66 9932
6.90199999999946 2 66 9932
6.90399999999946 2 66 9932
6.90599999999946 2 66 9932
6.90799999999946 2 66 9932
6.90999999999946 2 66 9932
6.91199999999946 2 66 9932
6.91399999999946 2 66 9932
6.91599999999946 1 67 9932
6.91799999999946 1 67 9932
6.91999999999946 1 67 9932
6.92199999999946 1 67 9932
6.92399999999946 1 67 9932
6.92599999999946 1 67 9932
6.92799999999946 1 67 9932
6.92999999999946 1 67 9932
6.93199999999946 1 67 9932
6.93399999999946 1 67 9932
6.93599999999946 1 67 9932
6.93799999999946 1 67 9932
6.93999999999946 1 67 9932
6.94199999999946 1 67 9932
6.94399999999946 1 67 9932
6.94599999999946 1 67 9932
6.94799999999946 1 67 9932
6.94999999999946 1 67 9932
6.95199999999946 1 67 9932
6.95399999999946 1 67 9932
6.95599999999946 1 67 9932
6.95799999999946 1 67 9932
6.95999999999946 1 67 9932
6.96199999999946 1 67 9932
6.96399999999946 1 67 9932
6.96599999999945 1 67 9932
6.96799999999945 1 67 9932
6.96999999999945 1 67 9932
6.97199999999945 1 67 9932
6.97399999999945 1 67 9932
6.97599999999945 1 67 9932
6.97799999999945 1 67 9932
6.97999999999945 1 67 9932
6.98199999999945 1 67 9932
6.98399999999945 1 67 9932
6.98599999999945 1 67 9932
6.98799999999945 1 67 9932
6.98999999999945 1 67 9932
6.99199999999945 1 67 9932
6.99399999999945 1 67 9932
6.99599999999945 1 67 9932
6.99799999999945 1 67 9932
6.99999999999945 1 67 9932
7.00199999999945 1 67 9932
7.00399999999945 1 67 9932
7.00599999999945 1 67 9932
7.00799999999945 1 67 9932
7.00999999999945 1 67 9932
7.01199999999945 1 67 9932
7.01399999999945 1 67 9932
7.01599999999945 1 67 9932
7.01799999999945 1 67 9932
7.01999999999945 1 67 9932
7.02199999999945 1 67 9932
7.02399999999945 1 67 9932
7.02599999999945 1 67 9932
7.02799999999945 1 67 9932
7.02999999999945 1 67 9932
7.03199999999945 1 67 9932
7.03399999999945 1 67 9932
7.03599999999945 1 67 9932
7.03799999999945 1 67 9932
7.03999999999945 1 67 9932
7.04199999999945 1 67 9932
7.04399999999945 1 67 9932
7.04599999999945 1 67 9932
7.04799999999945 1 67 9932
7.04999999999945 1 67 9932
7.05199999999945 1 67 9932
7.05399999999945 1 67 9932
7.05599999999944 1 67 9932
7.05799999999944 1 67 9932
7.05999999999944 1 67 9932
7.06199999999944 1 67 9932
7.06399999999944 1 67 9932
7.06599999999944 1 67 9932
7.06799999999944 1 67 9932
7.06999999999944 1 67 9932
7.07199999999944 1 67 9932
7.07399999999944 1 67 9932
7.07599999999944 1 67 9932
7.07799999999944 1 67 9932
7.07999999999944 1 67 9932
7.08199999999944 1 67 9932
7.08399999999944 1 67 9932
7.08599999999944 1 67 9932
7.08799999999944 1 67 9932
7.08999999999944 1 67 9932
7.09199999999944 1 67 9932
7.09399999999944 1 67 9932
7.09599999999944 1 67 9932
7.09799999999944 1 67 9932
7.09999999999944 1 67 9932
7.10199999999944 1 67 9932
7.10399999999944 1 67 9932
7.10599999999944 1 67 9932
7.10799999999944 1 67 9932
7.10999999999944 1 67 9932
7.11199999999944 1 67 9932
7.11399999999944 1 67 9932
7.11599999999944 1 67 9932
7.11799999999944 1 67 9932
7.11999999999944 1 67 9932
7.12199999999944 1 67 9932
7.12399999999944 1 67 9932
7.12599999999944 1 67 9932
7.12799999999944 1 67 9932
7.12999999999944 1 67 9932
7.13199999999944 1 67 9932
7.13399999999944 1 67 9932
7.13599999999944 1 67 9932
7.13799999999944 1 67 9932
7.13999999999944 1 67 9932
7.14199999999944 1 67 9932
7.14399999999944 1 67 9932
7.14599999999944 1 67 9932
7.14799999999943 1 67 9932
7.14999999999943 1 67 9932
7.15199999999943 1 67 9932
7.15399999999943 1 67 9932
7.15599999999943 1 67 9932
7.15799999999943 1 67 9932
7.15999999999943 1 67 9932
7.16199999999943 1 67 9932
7.16399999999943 1 67 9932
7.16599999999943 1 67 9932
7.16799999999943 1 67 9932
7.16999999999943 1 67 9932
7.17199999999943 1 67 9932
7.17399999999943 1 67 9932
7.17599999999943 1 67 9932
7.17799999999943 1 67 9932
7.17999999999943 1 67 9932
7.18199999999943 1 67 9932
7.18399999999943 1 67 9932
7.18599999999943 1 67 9932
7.18799999999943 1 67 9932
7.18999999999943 1 67 9932
7.19199999999943 1 67 9932
7.19399999999943 1 67 9932
7.19599999999943 1 67 9932
7.19799999999943 1 67 9932
7.19999999999943 1 67 9932
7.20199999999943 1 67 9932
7.20399999999943 1 67 9932
7.20599999999943 1 67 9932
7.20799999999943 1 67 9932
7.20999999999943 1 67 9932
7.21199999999943 1 67 9932
7.21399999999943 1 67 9932
7.21599999999943 1 67 9932
7.21799999999943 1 67 9932
7.21999999999943 1 67 9932
7.22199999999943 1 67 9932
7.22399999999943 1 67 9932
7.22599999999943 1 67 9932
7.22799999999943 1 67 9932
7.22999999999943 1 67 9932
7.23199999999943 1 67 9932
7.23399999999943 1 67 9932
7.23599999999943 1 67 9932
7.23799999999942 1 67 9932
7.23999999999942 1 67 9932
7.24199999999942 1 67 9932
7.24399999999942 1 67 9932
7.24599999999942 1 67 9932
7.24799999999942 1 67 9932
7.24999999999942 1 67 9932
7.25199999999942 1 67 9932
7.25399999999942 1 67 9932
7.25599999999942 1 67 9932
7.25799999999942 1 67 9932
7.25999999999942 1 67 9932
7.26199999999942 1 67 9932
7.26399999999942 1 67 9932
7.26599999999942 1 67 9932
7.26799999999942 1 67 9932
7.26999999999942 1 67 9932
7.27199999999942 1 67 9932
7.27399999999942 1 67 9932
7.27599999999942 1 67 9932
7.27799999999942 1 67 9932
7.27999999999942 1 67 9932
7.28199999999942 1 67 9932
7.28399999999942 1 67 9932
7.28599999999942 1 67 9932
7.28799999999942 1 67 9932
7.28999999999942 1 67 9932
7.29199999999942 1 67 9932
7.29399999999942 1 67 9932
7.29599999999942 1 67 9932
7.29799999999942 1 67 9932
7.29999999999942 1 67 9932
7.30199999999942 1 67 9932
7.30399999999942 1 67 9932
7.30599999999942 1 67 9932
7.30799999999942 1 67 9932
7.30999999999942 1 67 9932
7.31199999999942 1 67 9932
7.31399999999942 1 67 9932
7.31599999999942 1 67 9932
7.31799999999942 1 67 9932
7.31999999999942 1 67 9932
7.32199999999942 1 67 9932
7.32399999999942 1 67 9932
7.32599999999942 1 67 9932
7.32799999999941 1 67 9932
7.32999999999941 1 67 9932
7.33199999999941 1 67 9932
7.33399999999941 1 67 9932
7.33599999999941 1 67 9932
7.33799999999941 1 67 9932
7.33999999999941 1 67 9932
7.34199999999941 1 67 9932
7.34399999999941 1 67 9932
7.34599999999941 1 67 9932
7.34799999999941 1 67 9932
7.34999999999941 1 67 9932
7.35199999999941 1 67 9932
7.35399999999941 1 67 9932
7.35599999999941 1 67 9932
7.35799999999941 1 67 9932
7.35999999999941 1 67 9932
7.36199999999941 1 67 9932
7.36399999999941 1 67 9932
7.36599999999941 1 67 9932
7.36799999999941 1 67 9932
7.36999999999941 1 67 9932
7.37199999999941 1 67 9932
7.37399999999941 1 67 9932
7.37599999999941 1 67 9932
7.37799999999941 1 67 9932
7.37999999999941 1 67 9932
7.38199999999941 1 67 9932
7.38399999999941 1 67 9932
7.38599999999941 1 67 9932
7.38799999999941 1 67 9932
7.38999999999941 1 67 9932
7.39199999999941 1 67 9932
7.39399999999941 1 67 9932
7.39599999999941 1 67 9932
7.39799999999941 1 67 9932
7.39999999999941 1 67 9932
7.40199999999941 1 67 9932
7.40399999999941 1 67 9932
7.40599999999941 1 67 9932
7.40799999999941 1 67 9932
7.40999999999941 1 67 9932
7.41199999999941 1 67 9932
7.41399999999941 1 67 9932
7.41599999999941 1 67 9932
7.41799999999941 1 67 9932
7.4199999999994 1 67 9932
7.4219999999994 1 67 9932
7.4239999999994 1 67 9932
7.4259999999994 1 67 9932
7.4279999999994 1 67 9932
7.4299999999994 1 67 9932
7.4319999999994 1 67 9932
7.4339999999994 1 67 9932
7.4359999999994 1 67 9932
7.4379999999994 1 67 9932
7.4399999999994 1 67 9932
7.4419999999994 1 67 9932
7.4439999999994 1 67 9932
7.4459999999994 1 67 9932
7.4479999999994 1 67 9932
7.4499999999994 1 67 9932
7.4519999999994 1 67 9932
7.4539999999994 1 67 9932
7.4559999999994 1 67 9932
7.4579999999994 1 67 9932
7.4599999999994 1 67 9932
7.4619999999994 1 67 9932
7.4639999999994 1 67 9932
7.4659999999994 1 67 9932
7.4679999999994 1 67 9932
7.4699999999994 1 67 9932
7.4719999999994 1 67 9932
7.4739999999994 1 67 9932
7.4759999999994 1 67 9932
7.4779999999994 1 67 9932
7.4799999999994 1 67 9932
7.4819999999994 1 67 9932
7.4839999999994 1 67 9932
7.4859999999994 1 67 9932
7.4879999999994 1 67 9932
7.4899999999994 1 67 9932
7.4919999999994 1 67 9932
7.4939999999994 1 67 9932
7.4959999999994 1 67 9932
7.4979999999994 1 67 9932
7.4999999999994 1 67 9932
7.5019999999994 1 67 9932
7.5039999999994 1 67 9932
7.5059999999994 1 67 9932
7.5079999999994 1 67 9932
7.50999999999939 1 67 9932
7.51199999999939 1 67 9932
7.51399999999939 1 67 9932
7.51599999999939 1 67 9932
7.51799999999939 1 67 9932
7.51999999999939 1 67 9932
7.52199999999939 1 67 9932
7.52399999999939 1 67 9932
7.52599999999939 1 67 9932
7.52799999999939 1 67 9932
7.52999999999939 1 67 9932
7.53199999999939 1 67 9932
7.53399999999939 1 67 9932
7.53599999999939 1 67 9932
7.53799999999939 1 67 9932
7.53999999999939 1 67 9932
7.54199999999939 1 67 9932
7.54399999999939 1 67 9932
7.54599999999939 1 67 9932
7.54799999999939 1 67 9932
7.54999999999939 1 67 9932
7.55199999999939 1 67 9932
7.55399999999939 1 67 9932
7.55599999999939 1 67 9932
7.55799999999939 1 67 9932
7.55999999999939 1 67 9932
7.56199999999939 1 67 9932
7.56399999999939 1 67 9932
7.56599999999939 1 67 9932
7.56799999999939 1 67 9932
7.56999999999939 1 67 9932
7.57199999999939 1 67 9932
7.57399999999939 1 67 9932
7.57599999999939 1 67 9932
7.57799999999939 1 67 9932
7.57999999999939 1 67 9932
7.58199999999939 1 67 9932
7.58399999999939 1 67 9932
7.58599999999939 1 67 9932
7.58799999999939 1 67 9932
7.58999999999939 1 67 9932
7.59199999999939 1 67 9932
7.59399999999939 1 67 9932
7.59599999999939 1 67 9932
7.59799999999939 1 67 9932
7.59999999999939 1 67 9932
7.60199999999938 1 67 9932
7.60399999999938 1 67 9932
7.60599999999938 1 67 9932
7.60799999999938 1 67 9932
7.60999999999938 1 67 9932
7.61199999999938 1 67 9932
7.61399999999938 1 67 9932
7.61599999999938 1 67 9932
7.61799999999938 1 67 9932
7.61999999999938 1 67 9932
7.62199999999938 1 67 9932
7.62399999999938 1 67 9932
7.62599999999938 1 67 9932
7.62799999999938 1 67 9932
7.62999999999938 1 67 9932
7.63199999999938 1 67 9932
7.63399999999938 1 67 9932
7.63599999999938 1 67 9932
7.63799999999938 1 67 9932
7.63999999999938 1 67 9932
7.64199999999938 1 67 9932
7.64399999999938 1 67 9932
7.64599999999938 1 67 9932
7.64799999999938 1 67 9932
7.64999999999938 1 67 9932
7.65199999999938 1 67 9932
7.65399999999938 1 67 9932
7.65599999999938 1 67 9932
7.65799999999938 1 67 9932
7.65999999999938 1 67 9932
7.66199999999938 1 67 9932
7.66399999999938 1 67 9932
7.66599999999938 1 67 9932
7.66799999999938 1 67 9932
7.66999999999938 1 67 9932
7.67199999999938 1 67 9932
7.67399999999938 1 67 9932
7.67599999999938 1 67 9932
7.67799999999938 1 67 9932
7.67999999999938 1 67 9932
7.68199999999938 1 67 9932
7.68399999999938 1 67 9932
7.68599999999938 1 67 9932
7.68799999999938 1 67 9932
7.68999999999938 1 67 9932
7.69199999999937 1 67 9932
7.69399999999937 1 67 9932
7.69599999999937 1 67 9932
7.69799999999937 1 67 9932
7.69999999999937 1 67 9932
7.70199999999937 1 67 9932
7.70399999999937 1 67 9932
7.70599999999937 1 67 9932
7.70799999999937 1 67 9932
7.70999999999937 1 67 9932
7.71199999999937 1 67 9932
7.71399999999937 1 67 9932
7.71599999999937 1 67 9932
7.71799999999937 1 67 9932
7.71999999999937 1 67 9932
7.72199999999937 1 67 9932
7.72399999999937 1 67 9932
7.72599999999937 1 67 9932
7.72799999999937 1 67 9932
7.72999999999937 1 67 9932
7.73199999999937 1 67 9932
7.73399999999937 1 67 9932
7.73599999999937 1 67 9932
7.73799999999937 1 67 9932
7.73999999999937 1 67 9932
7.74199999999937 1 67 9932
7.74399999999937 1 67 9932
7.74599999999937 1 67 9932
7.74799999999937 1 67 9932
7.74999999999937 1 67 9932
7.75199999999937 1 67 9932
7.75399999999937 1 67 9932
7.75599999999937 1 67 9932
7.75799999999937 1 67 9932
7.75999999999937 1 67 9932
7.76199999999937 1 67 9932
7.76399999999937 1 67 9932
7.76599999999937 1 67 9932
7.76799999999937 1 67 9932
7.76999999999937 1 67 9932
7.77199999999937 1 67 9932
7.77399999999937 1 67 9932
7.77599999999937 1 67 9932
7.77799999999937 1 67 9932
7.77999999999937 1 67 9932
7.78199999999936 1 67 9932
7.78399999999936 1 67 9932
7.78599999999936 1 67 9932
7.78799999999936 1 67 9932
7.78999999999936 1 67 9932
7.79199999999936 1 67 9932
7.79399999999936 1 67 9932
7.79599999999936 1 67 9932
7.79799999999936 1 67 9932
7.79999999999936 1 67 9932
7.80199999999936 1 67 9932
7.80399999999936 1 67 9932
7.80599999999936 1 67 9932
7.80799999999936 1 67 9932
7.80999999999936 1 67 9932
7.81199999999936 1 67 9932
7.81399999999936 1 67 9932
7.81599999999936 1 67 9932
7.81799999999936 1 67 9932
7.81999999999936 1 67 9932
7.82199999999936 1 67 9932
7.82399999999936 1 67 9932
7.82599999999936 1 67 9932
7.82799999999936 1 67 9932
7.82999999999936 1 67 9932
7.83199999999936 1 67 9932
7.83399999999936 1 67 9932
7.83599999999936 1 67 9932
7.83799999999936 1 67 9932
7.83999999999936 1 67 9932
7.84199999999936 1 67 9932
7.84399999999936 1 67 9932
7.84599999999936 1 67 9932
7.84799999999936 1 67 9932
7.84999999999936 1 67 9932
7.85199999999936 1 67 9932
7.85399999999936 1 67 9932
7.85599999999936 1 67 9932
7.85799999999936 1 67 9932
7.85999999999936 1 67 9932
7.86199999999936 1 67 9932
7.86399999999936 1 67 9932
7.86599999999936 1 67 9932
7.86799999999936 1 67 9932
7.86999999999936 1 67 9932
7.87199999999936 1 67 9932
7.87399999999935 1 67 9932
7.87599999999935 1 67 9932
7.87799999999935 1 67 9932
7.87999999999935 1 67 9932
7.88199999999935 1 67 9932
7.88399999999935 1 67 9932
7.88599999999935 1 67 9932
7.88799999999935 1 67 9932
7.88999999999935 1 67 9932
7.89199999999935 1 67 9932
7.89399999999935 1 67 9932
7.89599999999935 1 67 9932
7.89799999999935 1 67 9932
7.89999999999935 1 67 9932
7.90199999999935 0 68 9932
MemoryPool::finalize() is completed!
